REC 21 8 0.0 3.699742
REC 17 8 3.699742 7.399484
REC 94 8 7.399484 14.798969
REC 84 8 14.798969 18.498711
REC 35 8 18.498711 22.198453
REC 97 8 22.198453 29.597938
REC 68 8 29.597938 33.29768
REC 93 8 33.29768 36.997422
REC 76 8 36.997422 40.697164
REC 42 8 40.697164 55.496135
REC 45 8 55.496135 70.295106
REC 86 8 70.295106 77.694591
REC 83 8 77.694591 81.394333
REC 69 8 81.394333 85.094075
REC 67 8 85.094075 99.893046
REC 71 8 99.893046 114.69201699999999
REC 60 8 114.69201699999999 118.391759
REC 57 8 118.391759 133.19073
REC 3 8 133.19073 140.590215
REC 10 8 140.590215 155.389186
REC 20 8 155.389186 162.788671
REC 4 8 162.788671 170.188156
REC 27 8 170.188156 184.987127
REC 66 8 184.987127 192.38661199999999
REC 52 8 192.38661199999999 207.18558299999998
REC 74 8 207.18558299999998 214.58506799999998
REC 22 8 214.58506799999998 229.38403899999997
REC 11 8 229.38403899999997 244.18300999999997
REC 38 8 244.18300999999997 251.58249499999997
REC 48 8 251.58249499999997 258.98197999999996
REC 1 8 258.98197999999996 262.681722
REC 6 8 262.681722 266.381464
REC 73 8 266.381464 281.180435
REC 46 8 281.180435 288.57992
REC 33 8 288.57992 292.27966200000003
REC 59 8 292.27966200000003 307.078633
REC 79 8 307.078633 321.877604
REC 28 8 321.877604 336.676575
REC 91 8 336.676575 351.475546
REC 25 0 4636.153255403042 4643.552740403042
REC 47 0 4643.552740403042 4647.2524824030415
CAND 1112 0 4647.2524824030415 4654.651967403041
CAND 1125 0 4654.651967403041 4669.450938403042
CAND 1119 0 4669.450938403042 4676.8504234030415
CAND 1132 0 4676.8504234030415 4691.649394403042
CAND 1131 0 4691.649394403042 4706.448365403042
CAND 1134 0 4706.448365403042 4713.847850403042
CAND 1133 0 4713.847850403042 4728.646821403042
CAND 1118 0 4728.646821403042 4732.346563403042
CAND 1300 0 4732.346563403042 4739.746048403042
CAND 1301 0 4739.746048403042 4754.545019403042
CAND 1310 0 4754.545019403042 4761.944504403042
CAND 1311 0 4761.944504403042 4776.743475403042
CAND 1390 0 4776.743475403042 4784.142960403042
CAND 1389 0 4784.142960403042 4798.941931403042
CAND 1429 0 4798.941931403042 4813.740902403042
CAND 1490 0 4813.740902403042 4828.539873403042
CAND 1430 0 4828.539873403042 4832.239615403042
CAND 1223 0 4832.239615403042 4839.639100403042
CAND 1226 0 4839.639100403042 4847.038585403042
CAND 1241 0 4847.038585403042 4861.837556403042
CAND 1229 0 4861.837556403042 4865.537298403042
CAND 1235 0 4865.537298403042 4869.237040403042
CAND 1426 0 4869.237040403042 4872.936782403041
CAND 1457 0 4872.936782403041 4876.636524403041
CAND 1421 0 4876.636524403041 4884.036009403041
CAND 1227 0 4884.036009403041 4891.435494403041
CAND 1254 0 4891.435494403041 4898.834979403041
CAND 1511 0 4898.834979403041 4913.633950403041
CAND 1483 0 4913.633950403041 4921.033435403041
CAND 1482 0 4921.033435403041 4935.832406403041
CAND 1458 0 4935.832406403041 4943.231891403041
CAND 451 0 4943.231891403041 4958.030862403041
CAND 375 0 4958.030862403041 4965.430347403041
CAND 396 0 4965.430347403041 4969.130089403041
CAND 428 0 4969.130089403041 4976.529574403041
CAND 435 0 4976.529574403041 4983.929059403041
CAND 1779 0 4983.929059403041 4998.728030403041
CAND 1770 0 4998.728030403041 5002.427772403041
CAND 859 0 5002.427772403041 5017.226743403041
CAND 1777 0 5017.226743403041 5032.025714403041
CAND 1778 0 5032.025714403041 5046.824685403041
CAND 1767 0 5046.824685403041 5061.623656403041
CAND 1723 0 5061.623656403041 5065.323398403041
CAND 1759 0 5065.323398403041 5072.722883403041
CAND 1771 0 5072.722883403041 5080.122368403041
CAND 1742 0 5080.122368403041 5094.921339403041
CAND 120 0 5094.921339403041 5102.320824403041
CAND 118 0 5102.320824403041 5109.720309403041
CAND 1106 0 5109.720309403041 5124.519280403041
CAND 1107 0 5124.519280403041 5128.219022403041
CAND 1110 0 5128.219022403041 5131.918764403041
CAND 632 0 5131.918764403041 5135.618506403041
CAND 1573 49 5227.0095692873 5234.4090542873
CAND 624 49 5234.4090542873 5249.2080252873
CAND 1575 49 5249.2080252873 5264.0069962873
CAND 511 49 5264.0069962873 5278.8059672873005
CAND 535 49 5278.8059672873005 5286.2054522873
CAND 545 49 5286.2054522873 5289.9051942873
CAND 553 49 5289.9051942873 5304.7041652873
CAND 561 49 5304.7041652873 5319.503136287301
CAND 569 49 5319.503136287301 5334.302107287301
CAND 471 49 5334.302107287301 5341.701592287301
CAND 481 49 5341.701592287301 5345.4013342873
CAND 491 49 5345.4013342873 5349.1010762873
CAND 501 49 5349.1010762873 5363.9000472873
CAND 29 10 11479.83084076643 11494.62981176643
CAND 28 10 11494.62981176643 11509.42878276643
CAND 68 10 11509.42878276643 11516.82826776643
CAND 63 10 11516.82826776643 11520.52800976643
CAND 57 10 11520.52800976643 11524.227751766432
CAND 56 10 11524.227751766432 11527.927493766432
CAND 55 10 11527.927493766432 11535.326978766432
CAND 48 10 11535.326978766432 11539.026720766433
CAND 54 10 11539.026720766433 11546.426205766433
CAND 42 10 11546.426205766433 11550.125947766433
CAND 36 10 11550.125947766433 11557.525432766433
CAND 30 10 11557.525432766433 11561.225174766434
CAND 1126 10 11561.225174766434 11576.024145766434
CAND 1120 10 11576.024145766434 11583.423630766434
CAND 947 37 15859.777865558863 15867.177350558863
CAND 941 37 15867.177350558863 15870.877092558863
CAND 973 37 15870.877092558863 15885.676063558863
CAND 961 37 15885.676063558863 15893.075548558863
CAND 967 37 15893.075548558863 15907.874519558864
CAND 955 37 15907.874519558864 15922.673490558864
CAND 954 37 15922.673490558864 15937.472461558864
CAND 953 37 15937.472461558864 15944.871946558864
CAND 10 37 15944.871946558864 15959.670917558864
CAND 22 37 15959.670917558864 15967.070402558864
CAND 4 37 15967.070402558864 15970.770144558865
CAND 16 37 15970.770144558865 15978.169629558864
CAND 37 37 15978.169629558864 15985.569114558864
CAND 49 37 15985.569114558864 15989.268856558865
CAND 31 37 15989.268856558865 15992.968598558866
CAND 43 37 15992.968598558866 15996.668340558866
CAND 69 37 15996.668340558866 16004.067825558866
CAND 1793 37 16004.067825558866 16018.866796558867
CAND 1781 37 16018.866796558867 16026.266281558866
CAND 1799 37 16026.266281558866 16033.665766558866
CAND 1787 37 16033.665766558866 16037.365508558867
CAND 149 37 16037.365508558867 16041.065250558868
CAND 2 37 16041.065250558868 16055.864221558868
CAND 3 37 16055.864221558868 16063.263706558868
CAND 0 37 16063.263706558868 16066.963448558869
CAND 1 37 16066.963448558869 16081.762419558869
CAND 143 37 16081.762419558869 16085.46216155887
CAND 136 37 16085.46216155887 16092.86164655887
CAND 162 37 16092.86164655887 16107.66061755887
CAND 160 37 16107.66061755887 16111.36035955887
CAND 163 37 16111.36035955887 16118.75984455887
CAND 161 37 16118.75984455887 16133.55881555887
CAND 164 37 16133.55881555887 16140.95830055887
CAND 155 37 16140.95830055887 16155.75727155887
CAND 150 37 16155.75727155887 16170.55624255887
CAND 141 37 16170.55624255887 16185.35521355887
CAND 165 37 16185.35521355887 16189.054955558871
CAND 142 37 16189.054955558871 16196.454440558871
CAND 124 37 16196.454440558871 16203.853925558871
CAND 130 37 16203.853925558871 16211.253410558871
CAND 167 37 16211.253410558871 16226.052381558871
CAND 166 37 16226.052381558871 16240.851352558871
CAND 2128 11 17257.943801134825 17261.643543134825
CAND 2134 11 17261.643543134825 17276.442514134826
CAND 2122 11 17276.442514134826 17291.241485134826
CAND 2297 11 17291.241485134826 17298.640970134828
CAND 2298 11 17298.640970134828 17302.34071213483
CAND 2295 11 17302.34071213483 17317.13968313483
CAND 2397 11 17317.13968313483 17320.83942513483
CAND 2398 11 17320.83942513483 17335.63839613483
CAND 2396 11 17335.63839613483 17343.03788113483
CAND 2448 11 17343.03788113483 17357.83685213483
CAND 2508 11 17357.83685213483 17361.536594134832
CAND 2414 11 17361.536594134832 17368.936079134834
CAND 1990 11 17368.936079134834 17372.635821134834
CAND 2415 11 17372.635821134834 17376.335563134835
CAND 2044 11 17376.335563134835 17383.735048134837
CAND 2220 11 17383.735048134837 17391.13453313484
CAND 2226 11 17391.13453313484 17394.83427513484
CAND 2208 11 17394.83427513484 17409.63324613484
CAND 1829 11 17409.63324613484 17424.43221713484
CAND 203 11 17424.43221713484 17428.13195913484
CAND 204 11 17428.13195913484 17435.531444134842
CAND 2507 11 17435.531444134842 17439.231186134843
CAND 2410 11 17439.231186134843 17454.030157134843
CAND 1952 11 17454.030157134843 17457.729899134843
CAND 2527 11 17457.729899134843 17465.129384134845
CAND 205 11 17465.129384134845 17468.829126134846
CAND 206 11 17468.829126134846 17472.528868134847
CAND 199 11 17472.528868134847 17487.327839134847
CAND 200 11 17487.327839134847 17491.027581134847
CAND 202 11 17491.027581134847 17494.727323134848
CAND 201 11 17494.727323134848 17498.42706513485
CAND 170 11 17498.42706513485 17513.22603613485
CAND 2042 11 17513.22603613485 17516.92577813485
CAND 2315 11 17516.92577813485 17531.72474913485
CAND 2314 11 17531.72474913485 17546.52372013485
CAND 2313 11 17546.52372013485 17550.22346213485
CAND 2041 11 17550.22346213485 17565.02243313485
CAND 302 12 23002.397136181593 23006.096878181594
CAND 1399 12 23006.096878181594 23020.895849181594
CAND 1408 12 23020.895849181594 23028.295334181596
CAND 306 12 23028.295334181596 23031.995076181596
CAND 1402 12 23031.995076181596 23039.394561181598
CAND 284 12 23039.394561181598 23046.7940461816
CAND 948 12 23046.7940461816 23054.1935311816
CAND 956 12 23054.1935311816 23068.9925021816
CAND 942 12 23068.9925021816 23072.692244181602
CAND 320 12 23072.692244181602 23076.391986181603
CAND 319 12 23076.391986181603 23080.091728181604
CAND 305 12 23080.091728181604 23094.890699181604
CAND 321 12 23094.890699181604 23098.590441181605
CAND 261 12 23098.590441181605 23105.989926181606
CAND 256 12 23105.989926181606 23120.788897181606
CAND 309 12 23120.788897181606 23128.188382181608
CAND 310 12 23128.188382181608 23135.58786718161
CAND 1600 12 23135.58786718161 23142.98735218161
CAND 1632 12 23142.98735218161 23146.687094181612
CAND 1578 12 23146.687094181612 23154.086579181614
CAND 1577 12 23154.086579181614 23157.786321181615
CAND 1638 12 23157.786321181615 23165.185806181616
CAND 318 12 23165.185806181616 23168.885548181617
CAND 1613 12 23168.885548181617 23183.684519181617
CAND 1612 12 23183.684519181617 23191.08400418162
CAND 312 12 23191.08400418162 23194.78374618162
CAND 1620 12 23194.78374618162 23209.58271718162
CAND 1614 12 23209.58271718162 23213.28245918162
CAND 1582 12 23213.28245918162 23228.08143018162
CAND 240 12 23228.08143018162 23231.78117218162
CAND 232 12 23231.78117218162 23239.180657181623
CAND 236 12 23239.180657181623 23246.580142181625
CAND 303 12 23246.580142181625 23253.979627181627
CAND 228 12 23253.979627181627 23261.37911218163
CAND 695 12 23261.37911218163 23268.77859718163
CAND 694 12 23268.77859718163 23272.47833918163
CAND 324 12 23272.47833918163 23279.877824181633
CAND 323 12 23279.877824181633 23294.676795181633
CAND 1182 12 23294.676795181633 23309.475766181633
CAND 1170 12 23309.475766181633 23313.175508181634
CAND 1176 12 23313.175508181634 23327.974479181634
CAND 1164 12 23327.974479181634 23335.373964181636
CAND 1163 12 23335.373964181636 23342.773449181637
CAND 2550 12 23342.773449181637 23357.572420181637
CAND 2549 12 23357.572420181637 23372.371391181638
CAND 2548 12 23372.371391181638 23387.170362181638
CAND 2547 12 23387.170362181638 23401.969333181638
CAND 848 12 23401.969333181638 23405.66907518164
CAND 846 12 23405.66907518164 23420.46804618164
CAND 847 12 23420.46804618164 23435.26701718164
CAND 845 12 23435.26701718164 23450.06598818164
CAND 1010 12 23450.06598818164 23464.86495918164
CAND 844 12 23464.86495918164 23472.26444418164
CAND 1271 12 23472.26444418164 23487.06341518164
CAND 843 12 23487.06341518164 23490.763157181642
CAND 842 12 23490.763157181642 23494.462899181643
CAND 841 12 23494.462899181643 23501.862384181644
CAND 1782 12 23501.862384181644 23509.261869181646
CAND 1788 12 23509.261869181646 23512.961611181647
CAND 1009 28 25527.08680525422 25541.88577625422
CAND 58 28 25541.88577625422 25556.68474725422
CAND 1794 28 25556.68474725422 25571.48371825422
CAND 1800 28 25571.48371825422 25578.883203254223
CAND 208 28 25578.883203254223 25586.282688254225
CAND 1162 28 25586.282688254225 25601.081659254225
CAND 328 28 25601.081659254225 25615.880630254225
CAND 329 28 25615.880630254225 25623.280115254227
CAND 326 28 25623.280115254227 25626.979857254228
CAND 327 28 25626.979857254228 25641.778828254228
CAND 325 28 25641.778828254228 25656.577799254228
CAND 332 28 25656.577799254228 25660.27754125423
CAND 331 28 25660.27754125423 25667.67702625423
CAND 330 28 25667.67702625423 25675.076511254232
CAND 2310 28 25675.076511254232 25682.475996254234
CAND 2308 28 25682.475996254234 25686.175738254235
CAND 2311 28 25686.175738254235 25689.875480254235
CAND 2309 28 25689.875480254235 25697.274965254237
CAND 2102 28 25697.274965254237 25712.073936254237
CAND 2465 28 25712.073936254237 25719.47342125424
CAND 2455 28 25719.47342125424 25734.27239225424
CAND 2470 28 25734.27239225424 25741.67187725424
CAND 2460 28 25741.67187725424 25749.071362254243
CAND 1981 28 25749.071362254243 25763.870333254243
CAND 2200 28 25763.870333254243 25767.570075254243
CAND 1810 28 25767.570075254243 25782.369046254244
CAND 2201 28 25782.369046254244 25789.768531254245
CAND 2272 28 25789.768531254245 25804.567502254245
CAND 2479 28 25804.567502254245 25811.966987254247
CAND 2506 28 25811.966987254247 25826.765958254247
CAND 2294 28 25826.765958254247 25841.564929254248
CAND 2066 28 25841.564929254248 25848.96441425425
CAND 1895 28 25848.96441425425 25852.66415625425
CAND 1872 28 25852.66415625425 25860.06364125425
CAND 2482 28 25860.06364125425 25874.862612254252
CAND 1849 28 25874.862612254252 25878.562354254253
CAND 1837 28 25878.562354254253 25882.262096254253
CAND 2312 28 25882.262096254253 25889.661581254255
CAND 1911 28 25889.661581254255 25904.460552254255
CAND 2048 28 25904.460552254255 25908.160294254256
CAND 2334 28 25908.160294254256 25911.860036254257
CAND 2191 28 25911.860036254257 25926.659007254257
CAND 2095 28 25926.659007254257 25930.358749254257
CAND 2129 28 25930.358749254257 25934.058491254258
CAND 2246 28 25934.058491254258 25948.85746225426
CAND 1924 28 25948.85746225426 25963.65643325426
CAND 196 28 25963.65643325426 25978.45540425426
CAND 195 28 25978.45540425426 25985.85488925426
CAND 185 28 25985.85488925426 25993.254374254262
CAND 177 28 25993.254374254262 26008.053345254262
CAND 210 28 26008.053345254262 26022.852316254262
CAND 307 28 26022.852316254262 26026.552058254263
CAND 317 28 26026.552058254263 26033.951543254265
CAND 322 28 26033.951543254265 26041.351028254267
CAND 214 28 26041.351028254267 26056.149999254267
CAND 215 28 26056.149999254267 26059.849741254267
CAND 220 28 26059.849741254267 26063.549483254268
CAND 308 28 26063.549483254268 26070.94896825427
CAND 113 28 26070.94896825427 26074.64871025427
CAND 311 13 28791.95155107975 28806.75052207975
CAND 770 13 28806.75052207975 28821.54949307975
CAND 768 13 28821.54949307975 28836.34846407975
CAND 769 13 28836.34846407975 28851.14743507975
CAND 767 13 28851.14743507975 28865.94640607975
CAND 111 13 28865.94640607975 28873.345891079753
CAND 112 13 28873.345891079753 28888.144862079753
CAND 110 13 28888.144862079753 28902.943833079753
CAND 702 13 28902.943833079753 28906.643575079754
CAND 697 13 28906.643575079754 28921.442546079754
CAND 109 13 28921.442546079754 28936.241517079754
CAND 2546 13 28936.241517079754 28939.941259079755
CAND 1662 13 28939.941259079755 28947.340744079756
CAND 1663 13 28947.340744079756 28962.139715079757
CAND 1664 13 28962.139715079757 28976.938686079757
CAND 741 13 28976.938686079757 28991.737657079757
CAND 735 13 28991.737657079757 28995.437399079758
CAND 168 13 28995.437399079758 29002.83688407976
CAND 169 13 29002.83688407976 29010.23636907976
CAND 1016 13 29010.23636907976 29013.93611107976
CAND 1018 13 29013.93611107976 29017.635853079762
CAND 1015 13 29017.635853079762 29025.035338079764
CAND 1017 13 29025.035338079764 29039.834309079764
CAND 1019 13 29039.834309079764 29043.534051079765
CAND 1013 13 29043.534051079765 29047.233793079766
CAND 1020 13 29047.233793079766 29054.633278079767
CAND 1014 13 29054.633278079767 29062.03276307977
CAND 1011 13 29062.03276307977 29076.83173407977
CAND 1012 13 29076.83173407977 29080.53147607977
CAND 1531 13 29080.53147607977 29087.93096107977
CAND 1530 13 29087.93096107977 29095.330446079774
CAND 1527 13 29095.330446079774 29110.129417079774
CAND 1529 13 29110.129417079774 29113.829159079774
CAND 1528 13 29113.829159079774 29117.528901079775
CAND 1526 13 29117.528901079775 29132.327872079775
CAND 1046 13 29132.327872079775 29136.027614079776
CAND 1045 13 29136.027614079776 29150.826585079776
CAND 1058 13 29150.826585079776 29158.226070079778
CAND 1063 13 29158.226070079778 29161.92581207978
CAND 1077 13 29161.92581207978 29165.62555407978
CAND 1079 13 29165.62555407978 29173.02503907978
CAND 1037 13 29173.02503907978 29180.424524079783
CAND 1078 13 29180.424524079783 29195.223495079783
CAND 1038 13 29195.223495079783 29202.622980079785
CAND 1036 13 29202.622980079785 29206.322722079785
CAND 1021 13 29206.322722079785 29210.022464079786
CAND 1048 13 29210.022464079786 29217.421949079788
CAND 2276 13 29217.421949079788 29224.82143407979
CAND 1082 13 29224.82143407979 29239.62040507979
CAND 2277 13 29239.62040507979 29254.41937607979
CAND 2269 13 29254.41937607979 29258.11911807979
CAND 1034 13 29258.11911807979 29261.81886007979
CAND 1033 13 29261.81886007979 29269.218345079793
CAND 2144 13 29269.218345079793 29276.617830079795
CAND 2021 13 29276.617830079795 29284.017315079796
CAND 2389 13 29284.017315079796 29287.717057079797
CAND 2441 13 29287.717057079797 29302.516028079797
CAND 2267 13 29302.516028079797 29309.9155130798
CAND 1909 13 29309.9155130798 29313.6152550798
CAND 2266 13 29313.6152550798 29317.3149970798
CAND 1910 13 29317.3149970798 29321.0147390798
CAND 1907 13 29321.0147390798 29328.414224079803
CAND 1908 13 29328.414224079803 29343.213195079803
CAND 1826 13 29343.213195079803 29350.612680079805
CAND 1918 13 29350.612680079805 29354.312422079805
CAND 2172 13 29354.312422079805 29369.111393079806
CAND 2350 13 29369.111393079806 29383.910364079806
CAND 1808 29 31419.372539132833 31423.072281132834
CAND 2406 29 31423.072281132834 31426.772023132835
CAND 1916 29 31426.772023132835 31430.471765132836
CAND 1892 29 31430.471765132836 31445.270736132836
CAND 1913 29 31445.270736132836 31452.670221132837
CAND 1914 29 31452.670221132837 31460.06970613284
CAND 2446 29 31460.06970613284 31463.76944813284
CAND 2188 29 31463.76944813284 31478.56841913284
CAND 2190 29 31478.56841913284 31493.36739013284
CAND 2244 29 31493.36739013284 31497.06713213284
CAND 2245 29 31497.06713213284 31504.466617132843
CAND 2247 29 31504.466617132843 31511.866102132844
CAND 1974 29 31511.866102132844 31519.265587132846
CAND 2174 29 31519.265587132846 31526.665072132848
CAND 2181 29 31526.665072132848 31530.36481413285
CAND 2402 29 31530.36481413285 31545.16378513285
CAND 186 29 31545.16378513285 31552.56327013285
CAND 178 29 31552.56327013285 31567.36224113285
CAND 2442 29 31567.36224113285 31574.761726132852
CAND 2443 29 31574.761726132852 31589.560697132853
CAND 207 29 31589.560697132853 31596.960182132854
CAND 995 29 31596.960182132854 31604.359667132856
CAND 985 29 31604.359667132856 31608.059409132857
CAND 990 29 31608.059409132857 31622.858380132857
CAND 980 29 31622.858380132857 31630.25786513286
CAND 1156 29 31630.25786513286 31637.65735013286
CAND 1145 29 31637.65735013286 31652.45632113286
CAND 1150 29 31652.45632113286 31656.15606313286
CAND 802 29 31656.15606313286 31659.855805132862
CAND 801 29 31659.855805132862 31667.255290132864
CAND 755 29 31667.255290132864 31670.955032132864
CAND 749 29 31670.955032132864 31678.354517132866
CAND 812 29 31678.354517132866 31682.054259132867
CAND 813 29 31682.054259132867 31696.853230132867
CAND 810 29 31696.853230132867 31700.552972132868
CAND 809 29 31700.552972132868 31715.351943132868
CAND 786 29 31715.351943132868 31722.75142813287
CAND 787 29 31722.75142813287 31726.45117013287
CAND 785 29 31726.45117013287 31741.25014113287
CAND 800 29 31741.25014113287 31748.649626132872
CAND 807 29 31748.649626132872 31763.448597132872
CAND 808 29 31763.448597132872 31770.848082132874
CAND 1135 29 31770.848082132874 31778.247567132876
CAND 727 29 31778.247567132876 31785.647052132877
CAND 715 29 31785.647052132877 31793.04653713288
CAND 794 29 31793.04653713288 31796.74627913288
CAND 789 29 31796.74627913288 31811.54525013288
CAND 721 29 31811.54525013288 31815.24499213288
CAND 709 29 31815.24499213288 31818.94473413288
CAND 780 29 31818.94473413288 31826.344219132883
CAND 775 29 31826.344219132883 31833.743704132885
CAND 803 29 31833.743704132885 31837.443446132886
CAND 804 29 31837.443446132886 31844.842931132887
CAND 703 29 31844.842931132887 31848.542673132888
CAND 742 29 31848.542673132888 31863.341644132888
CAND 698 29 31863.341644132888 31878.14061513289
CAND 736 29 31878.14061513289 31881.84035713289
CAND 806 29 31881.84035713289 31889.23984213289
CAND 734 29 31889.23984213289 31904.03881313289
CAND 805 29 31904.03881313289 31907.73855513289
CAND 748 29 31907.73855513289 31922.53752613289
CAND 747 14 34682.142939686775 34685.84268168677
CAND 822 14 34685.84268168677 34700.64165268677
CAND 820 14 34700.64165268677 34715.440623686765
CAND 821 14 34715.440623686765 34719.14036568676
CAND 819 14 34719.14036568676 34726.539850686764
CAND 772 14 34726.539850686764 34741.33882168676
CAND 774 14 34741.33882168676 34748.73830668676
CAND 771 14 34748.73830668676 34763.53727768676
CAND 773 14 34763.53727768676 34770.93676268676
CAND 815 14 34770.93676268676 34774.63650468676
CAND 733 14 34774.63650468676 34778.336246686755
CAND 707 14 34778.336246686755 34793.13521768675
CAND 708 14 34793.13521768675 34796.83495968675
CAND 762 14 34796.83495968675 34804.23444468675
CAND 761 14 34804.23444468675 34811.63392968675
CAND 827 14 34811.63392968675 34819.03341468675
CAND 835 14 34819.03341468675 34826.432899686755
CAND 823 14 34826.432899686755 34830.13264168675
CAND 831 14 34830.13264168675 34844.93161268675
CAND 840 14 34844.93161268675 34848.631354686746
CAND 839 14 34848.631354686746 34863.43032568674
CAND 764 14 34863.43032568674 34870.829810686744
CAND 766 14 34870.829810686744 34885.62878168674
CAND 763 14 34885.62878168674 34893.02826668674
CAND 765 14 34893.02826668674 34900.427751686744
CAND 2541 14 34900.427751686744 34907.827236686746
CAND 1860 14 34907.827236686746 34911.52697868674
CAND 2440 14 34911.52697868674 34915.22672068674
CAND 2203 14 34915.22672068674 34922.62620568674
CAND 1866 14 34922.62620568674 34937.42517668674
CAND 1805 14 34937.42517668674 34944.82466168674
CAND 1806 14 34944.82466168674 34952.22414668674
CAND 1915 14 34952.22414668674 34959.62363168674
CAND 2444 14 34959.62363168674 34974.42260268674
CAND 2045 14 34974.42260268674 34978.12234468674
CAND 2445 14 34978.12234468674 34992.92131568673
CAND 2447 14 34992.92131568673 35007.72028668673
CAND 2046 14 35007.72028668673 35022.51925768673
CAND 2169 14 35022.51925768673 35037.31822868672
CAND 1891 14 35037.31822868672 35041.01797068672
CAND 2170 14 35041.01797068672 35055.81694168672
CAND 2171 14 35055.81694168672 35070.61591268671
CAND 2405 14 35070.61591268671 35074.31565468671
CAND 2399 14 35074.31565468671 35081.71513968671
CAND 2400 14 35081.71513968671 35089.114624686714
CAND 1875 14 35089.114624686714 35096.514109686716
CAND 2401 14 35096.514109686716 35111.31308068671
CAND 2403 14 35111.31308068671 35118.712565686714
CAND 2404 14 35118.712565686714 35126.112050686716
CAND 1268 43 37013.250463962555 37016.95020596255
CAND 1267 43 37016.95020596255 37031.74917696255
CAND 1694 43 37031.74917696255 37035.448918962546
CAND 1695 43 37035.448918962546 37039.14866096254
CAND 1696 43 37039.14866096254 37046.548145962544
CAND 891 43 37046.548145962544 37050.24788796254
CAND 886 43 37050.24788796254 37065.04685896254
CAND 979 43 37065.04685896254 37068.746600962535
CAND 875 43 37068.746600962535 37083.54557196253
CAND 874 43 37083.54557196253 37087.24531396253
CAND 885 43 37087.24531396253 37102.044284962525
CAND 884 43 37102.044284962525 37116.84325596252
CAND 883 43 37116.84325596252 37124.24274096252
CAND 882 43 37124.24274096252 37139.04171196252
CAND 876 43 37139.04171196252 37153.84068296252
CAND 867 43 37153.84068296252 37161.24016796252
CAND 896 43 37161.24016796252 37164.939909962515
CAND 869 43 37164.939909962515 37172.33939496252
CAND 897 43 37172.33939496252 37187.13836596251
CAND 868 43 37187.13836596251 37190.83810796251
CAND 873 43 37190.83810796251 37198.23759296251
CAND 872 43 37198.23759296251 37205.637077962514
CAND 871 43 37205.637077962514 37213.036562962516
CAND 870 43 37213.036562962516 37216.73630496251
CAND 1005 43 37216.73630496251 37231.53527596251
CAND 1001 43 37231.53527596251 37235.23501796251
CAND 1000 43 37235.23501796251 37242.63450296251
CAND 1086 43 37242.63450296251 37257.433473962505
CAND 1084 43 37257.433473962505 37261.1332159625
CAND 1085 43 37261.1332159625 37275.9321869625
CAND 1083 43 37275.9321869625 37283.3316719625
CAND 2553 43 37283.3316719625 37290.7311569625
CAND 2552 43 37290.7311569625 37294.4308989625
CAND 2551 43 37294.4308989625 37298.130640962496
CAND 1092 43 37298.130640962496 37301.83038296249
CAND 1346 43 37301.83038296249 37316.62935396249
CAND 1087 43 37316.62935396249 37320.32909596249
CAND 1336 43 37320.32909596249 37335.12806696248
CAND 1341 43 37335.12806696248 37338.82780896248
CAND 1331 43 37338.82780896248 37353.62677996248
CAND 1324 43 37353.62677996248 37368.42575096247
CAND 1323 43 37368.42575096247 37372.12549296247
CAND 1396 43 37372.12549296247 37386.92446396247
CAND 1303 43 37386.92446396247 37394.32394896247
CAND 1309 43 37394.32394896247 37398.023690962465
CAND 1315 43 37398.023690962465 37401.72343296246
CAND 1322 43 37401.72343296246 37416.52240396246
CAND 1302 43 37416.52240396246 37423.92188896246
CAND 1384 43 37423.92188896246 37427.62163096246
CAND 1308 43 37427.62163096246 37442.420601962454
CAND 1314 43 37442.420601962454 37457.21957296245
CAND 1313 43 37457.21957296245 37472.01854396245
CAND 1326 43 37472.01854396245 37479.41802896245
CAND 1321 43 37479.41802896245 37494.216999962446
CAND 1293 43 37494.216999962446 37497.91674196244
CAND 1379 43 37497.91674196244 37512.71571296244
CAND 1325 43 37512.71571296244 37516.415454962436
CAND 1373 43 37516.415454962436 37520.11519696243
CAND 1312 15 40733.82558807731 40748.6245590773
CAND 1320 15 40748.6245590773 40756.024044077305
CAND 1307 15 40756.024044077305 40763.42352907731
CAND 1288 15 40763.42352907731 40767.123271077304
CAND 1367 15 40767.123271077304 40781.9222420773
CAND 1361 15 40781.9222420773 40785.6219840773
CAND 1317 15 40785.6219840773 40789.321726077294
CAND 1355 15 40789.321726077294 40796.721211077296
CAND 123 15 40796.721211077296 40804.1206960773
CAND 1330 15 40804.1206960773 40818.919667077294
CAND 1328 15 40818.919667077294 40833.71863807729
CAND 1304 15 40833.71863807729 40841.11812307729
CAND 1329 15 40841.11812307729 40855.91709407729
CAND 122 15 40855.91709407729 40870.716065077286
CAND 1327 15 40870.716065077286 40874.41580707728
CAND 1391 15 40874.41580707728 40881.815292077285
CAND 1299 15 40881.815292077285 40896.61426307728
CAND 1298 15 40896.61426307728 40900.31400507728
CAND 1319 15 40900.31400507728 40907.71349007728
CAND 1316 15 40907.71349007728 40911.41323207728
CAND 1318 15 40911.41323207728 40926.21220307727
CAND 1306 15 40926.21220307727 40933.611688077275
CAND 1305 15 40933.611688077275 40941.01117307728
CAND 1354 15 40941.01117307728 40944.710915077274
CAND 1353 15 40944.710915077274 40952.110400077276
CAND 1352 15 40952.110400077276 40966.90937107727
CAND 1351 15 40966.90937107727 40970.60911307727
CAND 1270 44 42952.019794911146 42959.41927991115
CAND 1269 44 42959.41927991115 42974.218250911144
CAND 374 44 42974.218250911144 42989.01722191114
CAND 373 44 42989.01722191114 43003.81619291114
CAND 1570 44 43003.81619291114 43007.515934911135
CAND 1569 44 43007.515934911135 43022.31490591113
CAND 1191 44 43022.31490591113 43029.71439091113
CAND 1189 44 43029.71439091113 43037.113875911135
CAND 1559 44 43037.113875911135 43040.81361791113
CAND 1188 44 43040.81361791113 43044.51335991113
CAND 1541 44 43044.51335991113 43059.312330911125
CAND 1550 44 43059.312330911125 43074.11130191112
CAND 1194 44 43074.11130191112 43081.51078691112
CAND 1192 44 43081.51078691112 43096.30975791112
CAND 1218 44 43096.30975791112 43111.10872891112
CAND 463 44 43111.10872891112 43125.90769991111
CAND 1287 44 43125.90769991111 43140.70667091111
CAND 1286 44 43140.70667091111 43144.40641291111
CAND 454 44 43144.40641291111 43159.2053839111
CAND 453 44 43159.2053839111 43174.0043549111
CAND 1279 44 43174.0043549111 43177.7040969111
CAND 1255 44 43177.7040969111 43185.1035819111
CAND 106 44 43185.1035819111 43192.5030669111
CAND 105 44 43192.5030669111 43207.3020379111
CAND 333 44 43207.3020379111 43211.001779911094
CAND 610 44 43211.001779911094 43225.80075091109
CAND 602 44 43225.80075091109 43229.50049291109
CAND 97 44 43229.50049291109 43244.299463911084
CAND 502 44 43244.299463911084 43259.09843491108
CAND 89 44 43259.09843491108 43262.79817691108
CAND 472 44 43262.79817691108 43270.19766191108
CAND 620 44 43270.19766191108 43277.59714691108
CAND 1675 44 43277.59714691108 43292.39611791108
CAND 1691 44 43292.39611791108 43299.79560291108
CAND 546 52 47240.97805052996 47244.677792529954
CAND 940 52 47244.677792529954 47259.47676352995
CAND 650 52 47259.47676352995 47274.27573452995
CAND 939 52 47274.27573452995 47289.07470552994
CAND 899 52 47289.07470552994 47292.77444752994
CAND 898 52 47292.77444752994 47296.47418952994
CAND 933 52 47296.47418952994 47311.273160529934
CAND 911 52 47311.273160529934 47326.07213152993
CAND 904 52 47326.07213152993 47329.77187352993
CAND 902 52 47329.77187352993 47337.17135852993
CAND 901 52 47337.17135852993 47340.87110052993
CAND 900 52 47340.87110052993 47348.27058552993
CAND 892 52 47348.27058552993 47351.970327529925
CAND 887 52 47351.970327529925 47366.76929852992
CAND 359 52 47366.76929852992 47374.16878352992
CAND 877 52 47374.16878352992 47388.96775452992
CAND 368 52 47388.96775452992 47403.76672552992
CAND 354 52 47403.76672552992 47407.466467529914
CAND 367 52 47407.466467529914 47411.16620952991
CAND 365 52 47411.16620952991 47418.56569452991
CAND 366 52 47418.56569452991 47433.36466552991
CAND 370 52 47433.36466552991 47437.064407529906
CAND 372 52 47437.064407529906 47451.8633785299
CAND 364 52 47451.8633785299 47455.5631205299
CAND 369 52 47455.5631205299 47459.2628625299
CAND 371 52 47459.2628625299 47462.962604529894
CAND 1392 52 47462.962604529894 47470.362089529895
CAND 1362 52 47470.362089529895 47474.06183152989
CAND 1356 52 47474.06183152989 47481.461316529894
CAND 1374 52 47481.461316529894 47485.16105852989
CAND 1368 52 47485.16105852989 47499.96002952989
CAND 1560 52 47499.96002952989 47503.659771529885
CAND 1542 52 47503.659771529885 47518.45874252988
CAND 1551 52 47518.45874252988 47533.25771352988
CAND 1533 52 47533.25771352988 47540.65719852988
CAND 346 52 47540.65719852988 47548.05668352988
CAND 337 52 47548.05668352988 47551.75642552988
CAND 585 52 47551.75642552988 47555.456167529876
CAND 483 1 47680.75799369812 47684.45773569812
CAND 473 1 47684.45773569812 47691.85722069812
CAND 1208 1 47691.85722069812 47699.25670569812
CAND 611 1 47699.25670569812 47714.05567669812
CAND 595 1 47714.05567669812 47721.45516169812
CAND 1220 1 47721.45516169812 47725.154903698116
CAND 1219 1 47725.154903698116 47732.55438869812
CAND 528 1 47732.55438869812 47747.353359698114
CAND 1099 1 47747.353359698114 47762.15233069811
CAND 121 1 47762.15233069811 47769.55181569811
CAND 571 1 47769.55181569811 47784.35078669811
CAND 1774 1 47784.35078669811 47788.050528698106
CAND 563 53 53114.90741276741 53129.70638376741
CAND 547 53 53129.70638376741 53133.406125767404
CAND 1732 53 53133.406125767404 53148.2050967674
CAND 1724 53 53148.2050967674 53151.9048387674
CAND 634 53 53151.9048387674 53155.604580767395
CAND 672 53 53155.604580767395 53159.30432276739
CAND 1769 53 53159.30432276739 53166.70380776739
CAND 665 53 53166.70380776739 53170.40354976739
CAND 651 53 53170.40354976739 53185.20252076739
CAND 98 53 53185.20252076739 53200.00149176738
CAND 108 53 53200.00149176738 53207.400976767385
CAND 645 53 53207.400976767385 53222.19994776738
CAND 1280 53 53222.19994776738 53225.89968976738
CAND 912 53 53225.89968976738 53240.698660767375
CAND 412 53 53240.698660767375 53244.39840276737
CAND 405 53 53244.39840276737 53259.19737376737
CAND 936 53 53259.19737376737 53266.59685876737
CAND 422 53 53266.59685876737 53281.39582976737
CAND 397 53 53281.39582976737 53285.095571767364
CAND 1484 53 53285.095571767364 53292.495056767366
CAND 1512 53 53292.495056767366 53307.29402776736
CAND 1461 53 53307.29402776736 53314.693512767364
CAND 1439 53 53314.693512767364 53318.39325476736
CAND 1495 53 53318.39325476736 53333.19222576736
CAND 1433 53 53333.19222576736 53340.59171076736
CAND 1465 53 53340.59171076736 53347.99119576736
CAND 1500 53 53347.99119576736 53355.39068076736
CAND 1477 53 53355.39068076736 53359.09042276736
CAND 1491 53 53359.09042276736 53373.88939376736
CAND 1236 53 53373.88939376736 53377.58913576735
CAND 1222 53 53377.58913576735 53392.38810676735
CAND 1225 53 53392.38810676735 53396.08784876735
CAND 1428 53 53396.08784876735 53410.886819767344
CAND 1121 53 53410.886819767344 53418.286304767345
CAND 1127 53 53418.286304767345 53433.08527576734
CAND 1114 53 53433.08527576734 53440.484760767344
CAND 64 53 53440.484760767344 53444.18450276734
CAND 70 53 53444.18450276734 53451.58398776734
CAND 943 53 53451.58398776734 53455.28372976734
CAND 949 53 53455.28372976734 53462.68321476734
CAND 969 53 53462.68321476734 53477.48218576734
CAND 975 53 53477.48218576734 53492.281156767334
CAND 957 53 53492.281156767334 53507.08012776733
CAND 963 53 53507.08012776733 53514.47961276733
CAND 1699 53 53514.47961276733 53518.17935476733
CAND 1543 53 53518.17935476733 53532.978325767326
CAND 1561 53 53532.978325767326 53536.67806776732
CAND 1534 53 53536.67806776732 53544.077552767325
CAND 1552 53 53544.077552767325 53558.87652376732
CAND 1761 53 53558.87652376732 53573.67549476732
CAND 1760 53 53573.67549476732 53588.474465767315
CAND 1772 53 53588.474465767315 53592.17420776731
CAND 338 53 53592.17420776731 53595.87394976731
CAND 347 53 53595.87394976731 53603.27343476731
CAND 1745 53 53603.27343476731 53618.07240576731
CAND 1776 53 53618.07240576731 53625.47189076731
CAND 1717 53 53625.47189076731 53629.171632767306
CAND 1111 53 53629.171632767306 53643.9706037673
CAND 1725 2 53643.9706037673 53647.6703457673
CAND 504 2 53647.6703457673 53662.469316767296
CAND 474 2 53662.469316767296 53669.8688017673
CAND 1100 2 53669.8688017673 53684.667772767294
CAND 114 2 53684.667772767294 53699.46674376729
CAND 521 2 53699.46674376729 53706.86622876729
CAND 537 2 53706.86622876729 53714.265713767294
CAND 513 2 53714.265713767294 53729.06468476729
CAND 543 2 53729.06468476729 53743.86365576729
CAND 596 2 53743.86365576729 53751.26314076729
CAND 529 2 53751.26314076729 53766.062111767285
CAND 544 2 53766.062111767285 53773.46159676729
CAND 612 2 53773.46159676729 53788.260567767284
CAND 588 2 53788.260567767284 53803.05953876728
CAND 445 2 53803.05953876728 53806.75928076728
CAND 437 2 53806.75928076728 53814.15876576728
CAND 604 2 53814.15876576728 53817.858507767276
CAND 680 2 53817.858507767276 53825.25799276728
CAND 688 2 53825.25799276728 53840.056963767274
CAND 420 2 53840.056963767274 53847.456448767276
CAND 1455 2 53847.456448767276 53851.15619076727
CAND 1463 2 53851.15619076727 53865.95516176727
CAND 1460 2 53865.95516176727 53869.65490376727
CAND 1462 2 53869.65490376727 53873.354645767264
CAND 384 2 53873.354645767264 53888.15361676726
CAND 1507 2 53888.15361676726 53891.85335876726
CAND 398 2 53891.85335876726 53895.553100767254
CAND 1501 2 53895.553100767254 53902.952585767256
CAND 377 2 53902.952585767256 53910.35207076726
CAND 1485 2 53910.35207076726 53917.75155576726
CAND 391 2 53917.75155576726 53932.550526767256
CAND 1253 2 53932.550526767256 53939.95001176726
CAND 1228 2 53939.95001176726 53947.34949676726
CAND 1237 2 53947.34949676726 53951.04923876726
CAND 1520 54 58971.95354062319 58979.35302562319
CAND 1249 54 58979.35302562319 58983.05276762319
CAND 1224 54 58983.05276762319 58997.85173862318
CAND 1425 54 58997.85173862318 59005.251223623185
CAND 1231 54 59005.251223623185 59008.95096562318
CAND 1221 54 59008.95096562318 59012.65070762318
CAND 1243 54 59012.65070762318 59027.449678623176
CAND 1466 54 59027.449678623176 59034.84916362318
CAND 1440 54 59034.84916362318 59038.548905623175
CAND 1422 54 59038.548905623175 59053.34787662317
CAND 1424 54 59053.34787662317 59060.74736162317
CAND 1427 54 59060.74736162317 59068.146846623174
CAND 1434 54 59068.146846623174 59075.546331623176
CAND 1415 54 59075.546331623176 59090.34530262317
CAND 1456 54 59090.34530262317 59105.14427362317
CAND 1493 54 59105.14427362317 59112.54375862317
CAND 1492 54 59112.54375862317 59119.94324362317
CAND 156 54 59119.94324362317 59134.74221462317
CAND 151 54 59134.74221462317 59149.541185623166
CAND 131 54 59149.541185623166 59156.94067062317
CAND 125 54 59156.94067062317 59164.34015562317
CAND 144 54 59164.34015562317 59168.039897623166
CAND 137 54 59168.039897623166 59175.43938262317
CAND 1801 54 59175.43938262317 59182.83886762317
CAND 1795 54 59182.83886762317 59197.637838623166
CAND 1783 54 59197.637838623166 59205.03732362317
CAND 1789 54 59205.03732362317 59208.737065623165
CAND 44 54 59208.737065623165 59212.43680762316
CAND 32 54 59212.43680762316 59216.13654962316
CAND 50 54 59216.13654962316 59219.836291623156
CAND 38 54 59219.836291623156 59227.23577662316
CAND 65 54 59227.23577662316 59230.935518623155
CAND 17 54 59230.935518623155 59238.33500362316
CAND 5 54 59238.33500362316 59242.034745623154
CAND 23 54 59242.034745623154 59249.434230623156
CAND 11 54 59249.434230623156 59264.23320162315
CAND 1177 54 59264.23320162315 59279.03217262315
CAND 1183 54 59279.03217262315 59293.831143623145
CAND 1165 54 59293.831143623145 59301.23062862315
CAND 1171 54 59301.23062862315 59304.930370623144
CAND 1583 54 59304.930370623144 59319.72934162314
CAND 1621 54 59319.72934162314 59334.52831262314
CAND 1615 54 59334.52831262314 59338.228054623134
CAND 1627 54 59338.228054623134 59345.627539623136
CAND 1633 54 59345.627539623136 59349.32728162313
CAND 1579 54 59349.32728162313 59353.02702362313
CAND 1651 54 59353.02702362313 59356.72676562313
CAND 1639 54 59356.72676562313 59364.12625062313
CAND 1589 54 59364.12625062313 59378.925221623125
CAND 1581 54 59378.925221623125 59382.62496362312
CAND 313 54 59382.62496362312 59386.32470562312
CAND 1580 38 60167.23590764403 60182.03487864403
CAND 1657 38 60182.03487864403 60196.83384964403
CAND 1645 38 60196.83384964403 60211.63282064402
CAND 1595 38 60211.63282064402 60226.43179164402
CAND 1607 38 60226.43179164402 60233.83127664402
CAND 1601 38 60233.83127664402 60241.23076164402
CAND 227 38 60241.23076164402 60248.630246644025
CAND 257 38 60248.630246644025 60263.42921764402
CAND 245 38 60263.42921764402 60267.12895964402
CAND 262 38 60267.12895964402 60274.52844464402
CAND 251 38 60274.52844464402 60281.92792964402
CAND 291 38 60281.92792964402 60285.62767164402
CAND 297 38 60285.62767164402 60289.327413644016
CAND 1401 38 60289.327413644016 60293.02715564401
CAND 304 38 60293.02715564401 60300.426640644015
CAND 958 38 60300.426640644015 60315.22561164401
CAND 970 38 60315.22561164401 60330.02458264401
CAND 964 38 60330.02458264401 60337.42406764401
CAND 976 38 60337.42406764401 60352.223038644006
CAND 1409 38 60352.223038644006 60359.62252364401
CAND 1404 38 60359.62252364401 60367.02200864401
CAND 944 38 60367.02200864401 60370.72175064401
CAND 1397 38 60370.72175064401 60378.12123564401
CAND 950 38 60378.12123564401 60385.52072064401
CAND 1400 38 60385.52072064401 60389.22046264401
CAND 1398 38 60389.22046264401 60392.920204644004
CAND 279 38 60392.920204644004 60396.619946644
CAND 267 38 60396.619946644 60400.319688644
CAND 285 38 60400.319688644 60407.719173644
CAND 273 38 60407.719173644 60411.418915644
CAND 225 38 60411.418915644 60426.21788664399
CAND 226 38 60426.21788664399 60441.01685764399
CAND 132 55 64771.93249040842 64779.33197540842
CAND 138 55 64779.33197540842 64786.731460408424
CAND 126 55 64786.731460408424 64794.130945408426
CAND 145 55 64794.130945408426 64797.83068740842
CAND 1790 55 64797.83068740842 64801.53042940842
CAND 1802 55 64801.53042940842 64808.92991440842
CAND 1784 55 64808.92991440842 64816.32939940842
CAND 1796 55 64816.32939940842 64831.12837040842
CAND 59 55 64831.12837040842 64845.92734140842
CAND 1166 55 64845.92734140842 64853.32682640842
CAND 1172 55 64853.32682640842 64857.026568408415
CAND 1178 55 64857.026568408415 64871.82553940841
CAND 1184 55 64871.82553940841 64886.62451040841
CAND 229 55 64886.62451040841 64894.02399540841
CAND 237 55 64894.02399540841 64901.42348040841
CAND 233 55 64901.42348040841 64908.82296540841
CAND 241 55 64908.82296540841 64912.52270740841
CAND 314 55 64912.52270740841 64916.22244940841
CAND 1584 55 64916.22244940841 64931.021420408404
CAND 1616 55 64931.021420408404 64934.7211624084
CAND 1622 55 64934.7211624084 64949.5201334084
CAND 221 55 64949.5201334084 64953.219875408395
CAND 216 55 64953.219875408395 64956.91961740839
CAND 1602 55 64956.91961740839 64964.31910240839
CAND 1608 55 64964.31910240839 64971.718587408395
CAND 1640 55 64971.718587408395 64979.1180724084
CAND 1652 55 64979.1180724084 64982.817814408394
CAND 1658 55 64982.817814408394 64997.61678540839
CAND 1646 55 64997.61678540839 65012.41575640839
CAND 1590 55 65012.41575640839 65027.21472740838
CAND 1596 55 65027.21472740838 65042.01369840838
CAND 1628 55 65042.01369840838 65049.41318340838
CAND 1634 55 65049.41318340838 65053.11292540838
CAND 246 55 65053.11292540838 65056.812667408376
CAND 252 55 65056.812667408376 65064.21215240838
CAND 292 55 65064.21215240838 65067.911894408375
CAND 298 55 65067.911894408375 65071.61163640837
CAND 211 55 65071.61163640837 65086.41060740837
CAND 268 55 65086.41060740837 65090.110349408365
CAND 274 55 65090.110349408365 65093.81009140836
CAND 280 55 65093.81009140836 65097.50983340836
CAND 286 55 65097.50983340836 65104.90931840836
CAND 194 56 70511.72425377369 70515.42399577369
CAND 193 56 70515.42399577369 70519.12373777368
CAND 2280 56 70519.12373777368 70533.92270877368
CAND 2130 56 70533.92270877368 70537.62245077368
CAND 172 56 70537.62245077368 70552.42142177367
CAND 1830 56 70552.42142177367 70567.22039277367
CAND 2222 56 70567.22039277367 70574.61987777367
CAND 198 56 70574.61987777367 70578.31961977367
CAND 1816 56 70578.31961977367 70582.01936177367
CAND 197 56 70582.01936177367 70596.81833277366
CAND 2411 56 70596.81833277366 70600.51807477366
CAND 1947 56 70600.51807477366 70607.91755977366
CAND 2051 56 70607.91755977366 70615.31704477366
CAND 2409 56 70615.31704477366 70619.01678677366
CAND 2261 56 70619.01678677366 70626.41627177366
CAND 2255 56 70626.41627177366 70641.21524277366
CAND 2452 56 70641.21524277366 70644.91498477366
CAND 2535 56 70644.91498477366 70648.61472677365
CAND 2028 56 70648.61472677365 70656.01421177365
CAND 2529 56 70656.01421177365 70659.71395377365
CAND 2270 56 70659.71395377365 70667.11343877365
CAND 2521 56 70667.11343877365 70670.81318077365
CAND 2475 56 70670.81318077365 70685.61215177365
CAND 1813 56 70685.61215177365 70693.01163677365
CAND 2515 56 70693.01163677365 70696.71137877365
CAND 1811 56 70696.71137877365 70700.41112077364
CAND 2378 56 70700.41112077364 70707.81060577364
CAND 2198 56 70707.81060577364 70715.21009077365
CAND 2249 56 70715.21009077365 70718.90983277364
CAND 1807 56 70718.90983277364 70733.70880377364
CAND 2495 56 70733.70880377364 70748.50777477364
CAND 2351 56 70748.50777477364 70755.90725977364
CAND 2489 56 70755.90725977364 70759.60700177363
CAND 2483 56 70759.60700177363 70774.40597277363
CAND 2158 56 70774.40597277363 70778.10571477363
CAND 1992 56 70778.10571477363 70785.50519977363
CAND 2372 56 70785.50519977363 70800.30417077363
CAND 2477 56 70800.30417077363 70815.10314177362
CAND 2273 56 70815.10314177362 70829.90211277362
CAND 2366 56 70829.90211277362 70844.70108377362
CAND 2476 56 70844.70108377362 70848.40082577361
CAND 2360 56 70848.40082577361 70855.80031077361
CAND 2354 56 70855.80031077361 70870.59928177361
CAND 1982 56 70870.59928177361 70885.39825277361
CAND 1894 56 70885.39825277361 70892.79773777361
CAND 2480 56 70892.79773777361 70896.4974797736
CAND 2478 56 70896.4974797736 70903.89696477361
CAND 2471 56 70903.89696477361 70911.29644977361
CAND 2077 56 70911.29644977361 70918.69593477361
CAND 2466 56 70918.69593477361 70926.09541977361
CAND 1858 56 70926.09541977361 70929.79516177361
CAND 2456 56 70929.79516177361 70944.5941327736
CAND 2380 56 70944.5941327736 70951.99361777361
CAND 2379 56 70951.99361777361 70955.6933597736
CAND 832 56 70955.6933597736 70970.4923307736
CAND 824 30 74271.48208236694 74275.18182436694
CAND 836 30 74275.18182436694 74282.58130936694
CAND 828 30 74282.58130936694 74289.98079436694
CAND 816 30 74289.98079436694 74293.68053636694
CAND 737 30 74293.68053636694 74297.38027836694
CAND 743 30 74297.38027836694 74312.17924936693
CAND 699 30 74312.17924936693 74326.97822036693
CAND 704 30 74326.97822036693 74330.67796236693
CAND 781 30 74330.67796236693 74338.07744736693
CAND 776 30 74338.07744736693 74345.47693236693
CAND 795 30 74345.47693236693 74349.17667436693
CAND 790 30 74349.17667436693 74363.97564536693
CAND 799 30 74363.97564536693 74367.67538736692
CAND 722 30 74367.67538736692 74371.37512936692
CAND 728 30 74371.37512936692 74378.77461436692
CAND 710 30 74378.77461436692 74382.47435636692
CAND 716 30 74382.47435636692 74389.87384136692
CAND 788 30 74389.87384136692 74397.27332636692
CAND 811 30 74397.27332636692 74412.07229736692
CAND 814 30 74412.07229736692 74426.87126836691
CAND 756 30 74426.87126836691 74430.57101036691
CAND 750 30 74430.57101036691 74437.97049536691
CAND 1151 30 74437.97049536691 74441.67023736691
CAND 1141 30 74441.67023736691 74456.4692083669
CAND 1157 30 74456.4692083669 74463.86869336691
CAND 1146 30 74463.86869336691 74478.6676643669
CAND 1136 30 74478.6676643669 74486.0671493669
CAND 2182 30 74486.0671493669 74489.7668913669
CAND 2175 30 74489.7668913669 74497.1663763669
CAND 1973 30 74497.1663763669 74504.56586136691
CAND 173 30 74504.56586136691 74519.3648323669
CAND 2029 30 74519.3648323669 74526.7643173669
CAND 2187 30 74526.7643173669 74534.16380236691
CAND 2240 30 74534.16380236691 74541.56328736691
CAND 2530 30 74541.56328736691 74545.2630293669
CAND 1833 30 74545.2630293669 74560.0620003669
CAND 2502 30 74560.0620003669 74567.4614853669
CAND 1897 30 74567.4614853669 74571.1612273669
CAND 1903 30 74571.1612273669 74585.9601983669
CAND 2256 30 74585.9601983669 74600.7591693669
CAND 2262 30 74600.7591693669 74608.1586543669
CAND 1940 30 74608.1586543669 74622.9576253669
CAND 2373 30 74622.9576253669 74637.75659636689
CAND 2073 30 74637.75659636689 74645.15608136689
CAND 2165 30 74645.15608136689 74648.85582336689
CAND 1969 30 74648.85582336689 74652.55556536689
CAND 1948 30 74652.55556536689 74659.95505036689
CAND 1999 30 74659.95505036689 74674.75402136688
CAND 1878 30 74674.75402136688 74678.45376336688
CAND 1993 30 74678.45376336688 74685.85324836688
CAND 2454 30 74685.85324836688 74693.25273336688
CAND 2250 30 74693.25273336688 74696.95247536688
CAND 2084 30 74696.95247536688 74700.65221736688
CAND 2286 30 74700.65221736688 74704.35195936688
CAND 2291 30 74704.35195936688 74711.75144436688
CAND 2078 30 74711.75144436688 74719.15092936688
CAND 1856 30 74719.15092936688 74722.85067136688
CAND 1855 30 74722.85067136688 74730.25015636688
CAND 1857 30 74730.25015636688 74733.94989836687
CAND 2522 30 74733.94989836687 74737.64964036687
CAND 2052 30 74737.64964036687 74741.34938236687
CAND 1983 30 74741.34938236687 74756.14835336687
CAND 1977 30 74756.14835336687 74763.54783836687
CAND 1081 30 74763.54783836687 74770.94732336687
CAND 2022 30 74770.94732336687 74778.34680836687
CAND 2299 30 74778.34680836687 74785.74629336687
CAND 2016 30 74785.74629336687 74789.44603536687
CAND 2010 30 74789.44603536687 74793.14577736687
CAND 2390 30 74793.14577736687 74796.84551936686
CAND 2004 30 74796.84551936686 74811.64449036686
CAND 2384 30 74811.64449036686 74826.44346136686
CAND 1054 30 74826.44346136686 74830.14320336685
CAND 1049 30 74830.14320336685 74837.54268836686
CAND 1040 30 74837.54268836686 74841.24243036685
CAND 1028 30 74841.24243036685 74856.04140136685
CAND 1022 57 76271.84560081363 76275.54534281362
CAND 1080 57 76275.54534281362 76290.34431381362
CAND 1073 57 76290.34431381362 76297.74379881362
CAND 1064 57 76297.74379881362 76301.44354081362
CAND 1069 57 76301.44354081362 76305.14328281362
CAND 1059 57 76305.14328281362 76312.54276781362
CAND 1035 57 76312.54276781362 76319.94225281362
CAND 1047 57 76319.94225281362 76323.64199481362
CAND 1044 57 76323.64199481362 76338.44096581361
CAND 1137 57 76338.44096581361 76345.84045081362
CAND 711 57 76345.84045081362 76349.54019281361
CAND 717 57 76349.54019281361 76356.93967781361
CAND 723 57 76356.93967781361 76360.63941981361
CAND 729 57 76360.63941981361 76368.03890481361
CAND 1209 57 76368.03890481361 76375.43838981361
CAND 1199 57 76375.43838981361 76390.23736081361
CAND 1190 57 76390.23736081361 76397.63684581361
CAND 1196 57 76397.63684581361 76412.43581681361
CAND 1195 57 76412.43581681361 76419.83530181361
CAND 1562 16 76972.91703885794 76976.61678085793
CAND 1544 16 76976.61678085793 76991.41575185793
CAND 1553 16 76991.41575185793 77006.21472285793
CAND 1535 16 77006.21472285793 77013.61420785793
CAND 188 31 80176.74451708794 80184.14400208794
CAND 180 31 80184.14400208794 80198.94297308793
CAND 2319 31 80198.94297308793 80213.74194408793
CAND 2317 31 80213.74194408793 80228.54091508793
CAND 2318 31 80228.54091508793 80235.94040008793
CAND 2316 31 80235.94040008793 80239.64014208793
CAND 2424 31 80239.64014208793 80243.33988408792
CAND 2436 31 80243.33988408792 80258.13885508792
CAND 2418 31 80258.13885508792 80272.93782608792
CAND 2430 31 80272.93782608792 80287.73679708791
CAND 1927 31 80287.73679708791 80302.53576808791
CAND 1941 31 80302.53576808791 80317.3347390879
CAND 1920 31 80317.3347390879 80321.0344810879
CAND 1934 31 80321.0344810879 80328.4339660879
CAND 1809 31 80328.4339660879 80332.1337080879
CAND 2301 31 80332.1337080879 80339.5331930879
CAND 2300 31 80339.5331930879 80354.3321640879
CAND 1893 31 80354.3321640879 80358.0319060879
CAND 1867 31 80358.0319060879 80372.8308770879
CAND 2204 31 80372.8308770879 80380.2303620879
CAND 1861 31 80380.2303620879 80383.93010408789
CAND 2542 31 80383.93010408789 80391.3295890879
CAND 2391 31 80391.3295890879 80395.02933108789
CAND 2385 31 80395.02933108789 80409.82830208789
CAND 2011 31 80409.82830208789 80413.52804408789
CAND 2023 31 80413.52804408789 80420.92752908789
CAND 2005 31 80420.92752908789 80435.72650008788
CAND 2017 31 80435.72650008788 80439.42624208788
CAND 2274 31 80439.42624208788 80446.82572708788
CAND 1088 3 82033.35555395484 82037.05529595484
CAND 1093 3 82037.05529595484 82040.75503795483
CAND 1342 3 82040.75503795483 82044.45477995483
CAND 1347 3 82044.45477995483 82059.25375095483
CAND 1332 3 82059.25375095483 82074.05272195482
CAND 1337 3 82074.05272195482 82088.85169295482
CAND 1380 3 82088.85169295482 82103.65066395482
CAND 1289 3 82103.65066395482 82107.35040595481
CAND 1385 3 82107.35040595481 82111.05014795481
CAND 1294 3 82111.05014795481 82114.74988995481
CAND 1369 3 82114.74988995481 82129.5488609548
CAND 1375 3 82129.5488609548 82133.2486029548
CAND 1357 3 82133.2486029548 82140.6480879548
CAND 1363 3 82140.6480879548 82144.3478299548
CAND 1002 3 82144.3478299548 82148.0475719548
CAND 1006 3 82148.0475719548 82162.8465429548
CAND 355 3 82162.8465429548 82166.54628495479
CAND 360 3 82166.54628495479 82173.9457699548
CAND 878 3 82173.9457699548 82188.74474095479
CAND 888 3 82188.74474095479 82203.54371195479
CAND 893 3 82203.54371195479 82207.24345395478
CAND 1692 3 82207.24345395478 82222.04242495478
CAND 1690 58 82222.04242495478 82236.84139595478
CAND 1693 58 82236.84139595478 82240.54113795477
CAND 1666 58 82240.54113795477 82247.94062295477
CAND 1681 58 82247.94062295477 82262.73959395477
CAND 1671 58 82262.73959395477 82270.13907895477
CAND 1686 58 82270.13907895477 82284.93804995477
CAND 1676 58 82284.93804995477 82299.73702095477
CAND 1262 58 82299.73702095477 82314.53599195476
CAND 696 58 82314.53599195476 82318.23573395476
CAND 1274 58 82318.23573395476 82321.93547595476
CAND 83 58 82321.93547595476 82325.63521795475
CAND 75 58 82325.63521795475 82333.03470295476
CAND 99 58 82333.03470295476 82347.83367395475
CAND 1210 58 82347.83367395475 82355.23315895475
CAND 1217 58 82355.23315895475 82370.03212995475
CAND 643 58 82370.03212995475 82384.83110095475
CAND 644 58 82384.83110095475 82392.23058595475
CAND 920 58 82392.23058595475 82399.63007095475
CAND 927 58 82399.63007095475 82403.32981295475
CAND 913 58 82403.32981295475 82418.12878395474
CAND 647 58 82418.12878395474 82432.92775495474
CAND 648 58 82432.92775495474 82436.62749695474
CAND 903 58 82436.62749695474 82451.42646795473
CAND 649 58 82451.42646795473 82458.82595295474
CAND 1576 58 82458.82595295474 82473.62492395473
CAND 666 58 82473.62492395473 82477.32466595473
CAND 673 58 82477.32466595473 82481.02440795473
CAND 1574 58 82481.02440795473 82484.72414995472
CAND 430 58 82484.72414995472 82492.12363495473
CAND 579 58 82492.12363495473 82499.52311995473
CAND 564 58 82499.52311995473 82514.32209095472
CAND 572 58 82514.32209095472 82529.12106195472
CAND 619 58 82529.12106195472 82536.52054695472
CAND 418 58 82536.52054695472 82543.92003195472
CAND 348 58 82543.92003195472 82551.31951695473
CAND 339 58 82551.31951695473 82555.01925895472
CAND 689 58 82555.01925895472 82569.81822995472
CAND 495 58 82569.81822995472 82573.51797195472
CAND 475 58 82573.51797195472 82580.91745695472
CAND 514 58 82580.91745695472 82595.71642795471
CAND 485 58 82595.71642795471 82599.41616995471
CAND 1101 58 82599.41616995471 82614.21514095471
CAND 406 58 82614.21514095471 82629.0141119547
CAND 116 58 82629.0141119547 82643.8130829547
CAND 1097 58 82643.8130829547 82647.5128249547
CAND 117 58 82647.5128249547 82662.3117959547
CAND 1108 58 82662.3117959547 82666.01153795469
CAND 1109 58 82666.01153795469 82680.81050895469
CAND 446 58 82680.81050895469 82684.51025095469
CAND 438 58 82684.51025095469 82691.90973595469
CAND 1734 58 82691.90973595469 82706.70870695468
CAND 1710 58 82706.70870695468 82710.40844895468
CAND 1700 58 82710.40844895468 82714.10819095468
CAND 1762 17 82830.71947735548 82838.11896235548
CAND 1754 17 82838.11896235548 82845.51844735548
CAND 1746 17 82845.51844735548 82860.31741835548
CAND 1768 17 82860.31741835548 82867.71690335548
CAND 1741 17 82867.71690335548 82882.51587435548
REC 9 46 529.0901320278645 532.7898740278645
REC 36 46 532.7898740278645 540.1893590278645
REC 61 46 540.1893590278645 543.8891010278645
REC 2 46 543.8891010278645 547.5888430278645
REC 78 46 547.5888430278645 551.2885850278645
REC 53 46 551.2885850278645 566.0875560278646
REC 29 46 566.0875560278646 580.8865270278646
REC 14 46 580.8865270278646 584.5862690278647
REC 0 46 584.5862690278647 599.3852400278647
REC 58 46 599.3852400278647 603.0849820278647
REC 50 46 603.0849820278647 610.4844670278648
REC 99 46 610.4844670278648 617.8839520278648
REC 16 46 617.8839520278648 621.5836940278648
REC 88 46 621.5836940278648 636.3826650278648
REC 92 46 636.3826650278648 643.7821500278649
REC 24 46 643.7821500278649 658.5811210278649
REC 31 46 658.5811210278649 665.980606027865
REC 70 46 665.980606027865 669.680348027865
REC 40 46 669.680348027865 677.079833027865
REC 15 46 677.079833027865 684.479318027865
REC 26 46 684.479318027865 699.2782890278651
REC 30 46 699.2782890278651 702.9780310278651
REC 43 46 702.9780310278651 717.7770020278651
REC 13 46 717.7770020278651 725.1764870278652
REC 90 46 725.1764870278652 732.5759720278652
REC 55 46 732.5759720278652 739.9754570278652
REC 34 46 739.9754570278652 743.6751990278652
REC 56 46 743.6751990278652 747.3749410278652
REC 23 46 747.3749410278652 754.7744260278653
REC 41 46 754.7744260278653 769.5733970278653
REC 72 46 769.5733970278653 776.9728820278654
REC 54 46 776.9728820278654 791.7718530278654
REC 7 46 791.7718530278654 795.4715950278654
REC 87 46 795.4715950278654 799.1713370278654
REC 65 46 799.1713370278654 806.5708220278655
REC 49 46 806.5708220278655 810.2705640278655
REC 51 46 810.2705640278655 817.6700490278655
REC 64 46 817.6700490278655 825.0695340278655
REC 80 46 825.0695340278655 828.7692760278655
REC 18 46 828.7692760278655 832.4690180278656
REC 75 46 832.4690180278656 847.2679890278656
REC 85 46 847.2679890278656 850.9677310278656
REC 5 46 850.9677310278656 858.3672160278657
REC 39 46 858.3672160278657 862.0669580278657
REC 63 46 862.0669580278657 865.7667000278657
REC 96 46 865.7667000278657 873.1661850278657
REC 44 46 873.1661850278657 876.8659270278657
REC 32 46 876.8659270278657 891.6648980278658
REC 37 46 891.6648980278658 906.4638690278658
REC 8 46 906.4638690278658 910.1636110278658
REC 82 46 910.1636110278658 913.8633530278659
REC 62 46 913.8633530278659 917.5630950278659
REC 89 46 917.5630950278659 932.3620660278659
REC 98 46 932.3620660278659 947.161037027866
REC 12 46 947.161037027866 954.560522027866
REC 95 46 954.560522027866 969.359493027866
REC 81 46 969.359493027866 976.7589780278661
REC 19 46 976.7589780278661 991.5579490278661
REC 77 46 991.5579490278661 995.2576910278661
CAND 1393 46 995.2576910278661 1002.6571760278662
CAND 1290 46 1002.6571760278662 1006.3569180278662
CAND 1358 4 1651.1867406070232 1658.5862256070232
CAND 1370 4 1658.5862256070232 1673.385196607023
CAND 1364 4 1673.385196607023 1677.084938607023
CAND 1381 4 1677.084938607023 1691.883909607023
CAND 1376 4 1691.883909607023 1695.583651607023
CAND 1295 4 1695.583651607023 1699.283393607023
CAND 1386 4 1699.283393607023 1702.983135607023
CAND 1333 4 1702.983135607023 1717.782106607023
CAND 1343 4 1717.782106607023 1721.481848607023
CAND 1338 4 1721.481848607023 1736.280819607023
CAND 1348 4 1736.280819607023 1751.079790607023
CAND 1089 4 1751.079790607023 1754.779532607023
CAND 1094 4 1754.779532607023 1758.479274607023
CAND 1431 4 1758.479274607023 1765.8787596070229
CAND 1496 4 1765.8787596070229 1780.6777306070228
CAND 1451 4 1780.6777306070228 1784.3774726070228
CAND 1446 4 1784.3774726070228 1799.1764436070227
CAND 1419 4 1799.1764436070227 1813.9754146070227
CAND 424 4 1813.9754146070227 1828.7743856070226
CAND 1521 4 1828.7743856070226 1836.1738706070225
CAND 1486 4 1836.1738706070225 1843.5733556070224
CAND 392 4 1843.5733556070224 1858.3723266070224
CAND 378 4 1858.3723266070224 1865.7718116070223
CAND 385 4 1865.7718116070223 1880.5707826070222
CAND 407 4 1880.5707826070222 1895.3697536070222
CAND 921 4 1895.3697536070222 1902.769238607022
CAND 447 4 1902.769238607022 1906.468980607022
CAND 653 4 1906.468980607022 1921.267951607022
CAND 636 4 1921.267951607022 1924.967693607022
CAND 549 4 1924.967693607022 1928.667435607022
CAND 557 4 1928.667435607022 1943.466406607022
CAND 100 4 1943.466406607022 1958.265377607022
CAND 628 4 1958.265377607022 1973.0643486070219
CAND 1711 4 1973.0643486070219 1976.764090607022
CAND 1735 4 1976.764090607022 1991.5630616070218
CAND 1102 4 1991.5630616070218 2006.3620326070218
CAND 531 4 2006.3620326070218 2021.1610036070217
CAND 523 4 2021.1610036070217 2028.5604886070216
CAND 539 4 2028.5604886070216 2035.9599736070215
CAND 1275 4 2035.9599736070215 2039.6597156070216
CAND 589 4 2039.6597156070216 2054.4586866070217
CAND 613 4 2054.4586866070217 2069.257657607022
CAND 486 4 2069.257657607022 2072.9573996070217
CAND 862 4 2072.9573996070217 2087.756370607022
CAND 458 59 2121.0636280477047 2128.4631130477046
CAND 466 59 2128.4631130477046 2143.262084047705
CAND 1211 59 2143.262084047705 2150.6615690477047
CAND 1115 19 8565.222198665142 8572.621683665142
CAND 1128 19 8572.621683665142 8587.420654665142
CAND 1122 19 8587.420654665142 8594.820139665142
CAND 1233 19 8594.820139665142 8598.519881665143
CAND 1245 19 8598.519881665143 8613.318852665143
CAND 1239 19 8613.318852665143 8617.018594665144
CAND 1251 19 8617.018594665144 8620.718336665144
CAND 1503 19 8620.718336665144 8628.117821665144
CAND 1509 19 8628.117821665144 8631.817563665145
CAND 1454 19 8631.817563665145 8646.616534665145
CAND 1468 19 8646.616534665145 8654.016019665145
CAND 1487 19 8654.016019665145 8661.415504665145
CAND 855 19 8661.415504665145 8668.814989665145
CAND 863 19 8668.814989665145 8683.613960665145
CAND 849 19 8683.613960665145 8691.013445665145
CAND 850 19 8691.013445665145 8698.412930665145
CAND 1739 19 8698.412930665145 8705.812415665145
CAND 1702 19 8705.812415665145 8709.512157665145
CAND 71 39 13027.343212008476 13034.742697008476
CAND 66 39 13034.742697008476 13038.442439008477
CAND 24 39 13038.442439008477 13045.841924008477
CAND 12 39 13045.841924008477 13060.640895008477
CAND 51 39 13060.640895008477 13064.340637008478
CAND 18 39 13064.340637008478 13071.740122008478
CAND 39 39 13071.740122008478 13079.139607008477
CAND 6 39 13079.139607008477 13082.839349008478
CAND 45 39 13082.839349008478 13086.539091008479
CAND 33 39 13086.539091008479 13090.23883300848
CAND 157 39 13090.23883300848 13105.03780400848
CAND 152 39 13105.03780400848 13119.83677500848
CAND 127 39 13119.83677500848 13127.23626000848
CAND 133 39 13127.23626000848 13134.63574500848
CAND 146 39 13134.63574500848 13138.33548700848
CAND 951 40 18849.145586937666 18856.545071937668
CAND 977 40 18856.545071937668 18871.344042937668
CAND 965 40 18871.344042937668 18878.74352793767
CAND 945 40 18878.74352793767 18882.44326993767
CAND 971 40 18882.44326993767 18897.24224093767
CAND 959 40 18897.24224093767 18912.04121193767
CAND 1410 40 18912.04121193767 18919.440696937672
CAND 1405 40 18919.440696937672 18926.840181937674
CAND 287 40 18926.840181937674 18934.239666937676
CAND 281 40 18934.239666937676 18937.939408937676
CAND 275 40 18937.939408937676 18941.639150937677
CAND 269 40 18941.639150937677 18945.338892937678
CAND 299 40 18945.338892937678 18949.03863493768
CAND 293 40 18949.03863493768 18952.73837693768
CAND 263 40 18952.73837693768 18960.13786193768
CAND 258 40 18960.13786193768 18974.93683293768
CAND 253 40 18974.93683293768 18982.336317937683
CAND 247 40 18982.336317937683 18986.036059937684
CAND 1635 40 18986.036059937684 18989.735801937684
CAND 1629 40 18989.735801937684 18997.135286937686
CAND 1597 40 18997.135286937686 19011.934257937686
CAND 1591 40 19011.934257937686 19026.733228937686
CAND 1647 40 19026.733228937686 19041.532199937687
CAND 1659 40 19041.532199937687 19056.331170937687
CAND 1653 40 19056.331170937687 19060.030912937687
CAND 1641 40 19060.030912937687 19067.43039793769
CAND 1609 40 19067.43039793769 19074.82988293769
CAND 1603 40 19074.82988293769 19082.229367937693
CAND 1623 40 19082.229367937693 19097.028338937693
CAND 1617 40 19097.028338937693 19100.728080937693
CAND 1585 40 19100.728080937693 19115.527051937694
CAND 1185 40 19115.527051937694 19130.326022937694
CAND 1179 40 19130.326022937694 19145.124993937694
CAND 1173 40 19145.124993937694 19148.824735937695
CAND 1167 40 19148.824735937695 19156.224220937696
CAND 60 40 19156.224220937696 19171.023191937697
CAND 13 40 19171.023191937697 19185.822162937697
CAND 7 40 19185.822162937697 19189.521904937697
CAND 25 40 19189.521904937697 19196.9213899377
CAND 19 40 19196.9213899377 19204.3208749377
CAND 1797 40 19204.3208749377 19219.1198459377
CAND 1785 40 19219.1198459377 19226.519330937703
CAND 1803 40 19226.519330937703 19233.918815937704
CAND 1791 40 19233.918815937704 19237.618557937705
CAND 139 40 19237.618557937705 19245.018042937707
CAND 147 40 19245.018042937707 19248.717784937708
CAND 128 40 19248.717784937708 19256.11726993771
CAND 134 40 19256.11726993771 19263.51675493771
CAND 153 40 19263.51675493771 19278.31572593771
CAND 158 40 19278.31572593771 19293.11469693771
CAND 2467 21 20129.194510430098 20136.5939954301
CAND 2472 21 20136.5939954301 20143.9934804301
CAND 2457 21 20143.9934804301 20158.7924514301
CAND 2462 21 20158.7924514301 20166.191936430103
CAND 2199 21 20166.191936430103 20169.891678430104
CAND 2517 21 20169.891678430104 20173.591420430104
CAND 2523 21 20173.591420430104 20177.291162430105
CAND 1963 21 20177.291162430105 20180.990904430106
CAND 1956 21 20180.990904430106 20184.690646430106
CAND 2223 21 20184.690646430106 20192.090131430108
CAND 2211 21 20192.090131430108 20206.88910243011
CAND 2217 21 20206.88910243011 20214.28858743011
CAND 1978 21 20214.28858743011 20221.68807243011
CAND 1984 21 20221.68807243011 20236.487043430112
CAND 2131 21 20236.487043430112 20240.186785430113
CAND 2511 21 20240.186785430113 20243.886527430113
CAND 2137 21 20243.886527430113 20258.685498430114
CAND 2257 21 20258.685498430114 20273.484469430114
CAND 1994 21 20273.484469430114 20280.883954430115
CAND 2000 21 20280.883954430115 20295.682925430116
CAND 1898 21 20295.682925430116 20299.382667430116
CAND 1885 21 20299.382667430116 20306.782152430118
CAND 2085 21 20306.782152430118 20310.48189443012
CAND 2160 21 20310.48189443012 20314.18163643012
CAND 2154 21 20314.18163643012 20328.98060743012
CAND 1852 21 20328.98060743012 20332.68034943012
CAND 1834 21 20332.68034943012 20347.47932043012
CAND 2537 21 20347.47932043012 20351.17906243012
CAND 2531 21 20351.17906243012 20354.87880443012
CAND 2374 21 20354.87880443012 20369.677775430122
CAND 2194 21 20369.677775430122 20384.476746430122
CAND 2497 21 20384.476746430122 20399.275717430122
CAND 2491 21 20399.275717430122 20402.975459430123
CAND 2449 21 20402.975459430123 20410.374944430125
CAND 2106 21 20410.374944430125 20417.774429430126
CAND 2330 21 20417.774429430126 20432.573400430127
CAND 2323 21 20432.573400430127 20436.273142430127
CAND 2183 21 20436.273142430127 20439.972884430128
CAND 2176 21 20439.972884430128 20447.37236943013
CAND 2189 21 20447.37236943013 20454.77185443013
CAND 212 32 22701.939551740885 22716.738522740885
CAND 276 32 22716.738522740885 22720.438264740886
CAND 288 32 22720.438264740886 22727.837749740887
CAND 1406 32 22727.837749740887 22735.23723474089
CAND 270 32 22735.23723474089 22738.93697674089
CAND 282 32 22738.93697674089 22742.63671874089
CAND 1411 32 22742.63671874089 22750.036203740892
CAND 300 32 22750.036203740892 22753.735945740893
CAND 294 32 22753.735945740893 22757.435687740894
CAND 254 32 22757.435687740894 22764.835172740895
CAND 264 32 22764.835172740895 22772.234657740897
CAND 248 32 22772.234657740897 22775.934399740898
CAND 259 32 22775.934399740898 22790.733370740898
CAND 222 32 22790.733370740898 22794.4331127409
CAND 217 32 22794.4331127409 22798.1328547409
CAND 1604 32 22798.1328547409 22805.5323397409
CAND 1610 32 22805.5323397409 22812.931824740903
CAND 315 32 22812.931824740903 22816.631566740904
CAND 1598 32 22816.631566740904 22831.430537740904
CAND 1648 32 22831.430537740904 22846.229508740904
CAND 1660 32 22846.229508740904 22861.028479740904
CAND 1636 32 22861.028479740904 22864.728221740905
CAND 1592 32 22864.728221740905 22879.527192740905
CAND 234 32 22879.527192740905 22886.926677740907
CAND 242 32 22886.926677740907 22890.626419740907
CAND 1654 32 22890.626419740907 22894.326161740908
CAND 1642 32 22894.326161740908 22901.72564674091
CAND 1630 32 22901.72564674091 22909.12513174091
CAND 230 32 22909.12513174091 22916.524616740913
CAND 238 32 22916.524616740913 22923.924101740915
CAND 1618 32 22923.924101740915 22927.623843740916
CAND 1624 32 22927.623843740916 22942.422814740916
CAND 1586 32 22942.422814740916 22957.221785740916
CAND 1174 32 22957.221785740916 22960.921527740917
CAND 1168 32 22960.921527740917 22968.32101274092
CAND 1186 32 22968.32101274092 22983.11998374092
CAND 1180 32 22983.11998374092 22997.91895474092
CAND 1070 22 25887.4810847342 25891.180826734202
CAND 1060 22 25891.180826734202 25898.580311734204
CAND 1074 22 25898.580311734204 25905.979796734206
CAND 1065 22 25905.979796734206 25909.679538734206
CAND 1029 22 25909.679538734206 25924.478509734206
CAND 1023 22 25924.478509734206 25928.178251734207
CAND 1050 22 25928.178251734207 25935.57773673421
CAND 2468 22 25935.57773673421 25942.97722173421
CAND 2463 22 25942.97722173421 25950.376706734212
CAND 2292 22 25950.376706734212 25957.776191734214
CAND 2080 22 25957.776191734214 25965.175676734216
CAND 2086 22 25965.175676734216 25968.875418734217
CAND 1912 22 25968.875418734217 25983.674389734217
CAND 1880 22 25983.674389734217 25987.374131734217
CAND 1886 22 25987.374131734217 25994.77361673422
CAND 2074 22 25994.77361673422 26002.17310173422
CAND 2001 22 26002.17310173422 26016.97207273422
CAND 2155 22 26016.97207273422 26031.77104373422
CAND 2252 22 26031.77104373422 26035.470785734222
CAND 2375 22 26035.470785734222 26050.269756734222
CAND 2305 22 26050.269756734222 26053.969498734223
CAND 2518 22 26053.969498734223 26057.669240734223
CAND 2524 22 26057.669240734223 26061.368982734224
CAND 2107 22 26061.368982734224 26068.768467734226
CAND 2498 22 26068.768467734226 26083.567438734226
CAND 2324 22 26083.567438734226 26087.267180734227
CAND 2241 22 26087.267180734227 26094.66666573423
CAND 2235 22 26094.66666573423 26102.06615073423
CAND 1847 22 26102.06615073423 26116.86512173423
CAND 2195 22 26116.86512173423 26131.66409273423
CAND 1935 22 26131.66409273423 26139.063577734232
CAND 2258 22 26139.063577734232 26153.862548734232
CAND 2451 22 26153.862548734232 26157.562290734233
CAND 2177 22 26157.562290734233 26164.961775734235
CAND 2184 22 26164.961775734235 26168.661517734236
CAND 2431 22 26168.661517734236 26183.460488734236
CAND 2437 22 26183.460488734236 26198.259459734236
CAND 2419 22 26198.259459734236 26213.058430734236
CAND 2425 22 26213.058430734236 26216.758172734237
CAND 189 22 26216.758172734237 26224.15765773424
CAND 181 22 26224.15765773424 26238.95662873424
CAND 996 33 28433.692995876074 28441.092480876076
CAND 986 33 28441.092480876076 28444.792222876076
CAND 991 33 28444.792222876076 28459.591193876076
CAND 981 33 28459.591193876076 28466.990678876078
CAND 757 33 28466.990678876078 28470.69042087608
CAND 751 33 28470.69042087608 28478.08990587608
CAND 705 33 28478.08990587608 28481.78964787608
CAND 1158 33 28481.78964787608 28489.189132876083
CAND 700 33 28489.189132876083 28503.988103876083
CAND 1152 33 28503.988103876083 28507.687845876084
CAND 1147 33 28507.687845876084 28522.486816876084
CAND 1142 33 28522.486816876084 28537.285787876084
CAND 744 33 28537.285787876084 28552.084758876084
CAND 738 33 28552.084758876084 28555.784500876085
CAND 796 33 28555.784500876085 28559.484242876086
CAND 791 33 28559.484242876086 28574.283213876086
CAND 782 33 28574.283213876086 28581.682698876088
CAND 730 33 28581.682698876088 28589.08218387609
CAND 724 33 28589.08218387609 28592.78192587609
CAND 777 33 28592.78192587609 28600.181410876092
CAND 718 33 28600.181410876092 28607.580895876094
CAND 712 33 28607.580895876094 28611.280637876094
CAND 817 33 28611.280637876094 28614.980379876095
CAND 837 33 28614.980379876095 28622.379864876097
CAND 829 33 28622.379864876097 28629.7793498761
CAND 833 33 28629.7793498761 28644.5783208761
CAND 825 33 28644.5783208761 28648.2780628761
CAND 1024 23 31721.66573175788 31725.36547375788
CAND 1030 23 31725.36547375788 31740.16444475788
CAND 1042 23 31740.16444475788 31743.86418675788
CAND 2007 23 31743.86418675788 31758.66315775788
CAND 2019 23 31758.66315775788 31762.36289975788
CAND 2013 23 31762.36289975788 31766.062641757882
CAND 2025 23 31766.062641757882 31773.462126757884
CAND 2543 23 31773.462126757884 31780.861611757886
CAND 1862 23 31780.861611757886 31784.561353757887
CAND 2205 23 31784.561353757887 31791.96083875789
CAND 2387 23 31791.96083875789 31806.75980975789
CAND 1868 23 31806.75980975789 31821.55878075789
CAND 2393 23 31821.55878075789 31825.25852275789
CAND 2275 23 31825.25852275789 31832.65800775789
CAND 2420 23 31832.65800775789 31847.45697875789
CAND 2432 23 31847.45697875789 31862.25594975789
CAND 2426 23 31862.25594975789 31865.955691757892
CAND 2438 23 31865.955691757892 31880.754662757892
CAND 1922 23 31880.754662757892 31884.454404757893
CAND 1929 23 31884.454404757893 31899.253375757893
CAND 1936 23 31899.253375757893 31906.652860757895
CAND 1943 23 31906.652860757895 31921.451831757895
CAND 182 23 31921.451831757895 31936.250802757895
CAND 190 23 31936.250802757895 31943.650287757897
CAND 987 34 34577.32826277614 34581.02800477613
CAND 997 34 34581.02800477613 34588.427489776135
CAND 982 34 34588.427489776135 34595.82697477614
CAND 992 34 34595.82697477614 34610.62594577613
CAND 1148 34 34610.62594577613 34625.42491677613
CAND 1159 34 34625.42491677613 34632.82440177613
CAND 1143 34 34632.82440177613 34647.62337277613
CAND 1153 34 34647.62337277613 34651.323114776125
CAND 752 34 34651.323114776125 34658.72259977613
CAND 758 34 34658.72259977613 34662.422341776124
CAND 1138 34 34662.422341776124 34669.821826776126
CAND 719 34 34669.821826776126 34677.22131177613
CAND 731 34 34677.22131177613 34684.62079677613
CAND 713 34 34684.62079677613 34688.320538776126
CAND 725 34 34688.320538776126 34692.02028077612
CAND 797 34 34692.02028077612 34695.72002277612
CAND 792 24 37680.701442956924 37695.50041395692
CAND 778 24 37695.50041395692 37702.89989895692
CAND 783 24 37702.89989895692 37710.299383956924
CAND 1212 47 39908.18387675285 39915.583361752855
CAND 1202 47 39915.583361752855 39930.38233275285
CAND 1263 47 39930.38233275285 39945.18130375285
CAND 1256 47 39945.18130375285 39952.58078875285
CAND 1667 47 39952.58078875285 39959.98027375285
CAND 1687 47 39959.98027375285 39974.77924475285
CAND 1677 47 39974.77924475285 39989.578215752845
CAND 1682 47 39989.578215752845 40004.37718675284
CAND 1672 47 40004.37718675284 40011.77667175284
CAND 894 47 40011.77667175284 40015.47641375284
CAND 889 47 40015.47641375284 40030.27538475284
CAND 879 47 40030.27538475284 40045.07435575283
CAND 361 47 40045.07435575283 40052.473840752835
CAND 356 47 40052.473840752835 40056.17358275283
CAND 1007 47 40056.17358275283 40070.97255375283
CAND 1003 47 40070.97255375283 40074.672295752825
CAND 1339 47 40074.672295752825 40089.47126675282
CAND 1349 47 40089.47126675282 40104.27023775282
CAND 1334 47 40104.27023775282 40119.069208752815
CAND 1344 47 40119.069208752815 40122.76895075281
CAND 1387 47 40122.76895075281 40126.46869275281
CAND 1377 47 40126.46869275281 40130.168434752806
CAND 1365 47 40130.168434752806 40133.8681767528
CAND 1296 47 40133.8681767528 40137.5679187528
CAND 1382 47 40137.5679187528 40152.3668897528
CAND 1359 47 40152.3668897528 40159.7663747528
CAND 1371 47 40159.7663747528 40174.565345752795
CAND 1291 47 40174.565345752795 40178.26508775279
CAND 1095 47 40178.26508775279 40181.96482975279
CAND 1090 47 40181.96482975279 40185.664571752786
CAND 1394 47 40185.664571752786 40193.06405675279
CAND 1565 5 44790.79856014252 44794.498302142514
CAND 1546 5 44794.498302142514 44809.29727314251
CAND 1555 5 44809.29727314251 44824.09624414251
CAND 1537 5 44824.09624414251 44831.49572914251
CAND 1213 5 44831.49572914251 44838.89521414251
CAND 1203 5 44838.89521414251 44853.69418514251
CAND 459 5 44853.69418514251 44861.09367014251
CAND 507 5 44861.09367014251 44875.892641142505
CAND 487 5 44875.892641142505 44879.5923831425
CAND 497 5 44879.5923831425 44883.2921251425
CAND 532 5 44883.2921251425 44898.091096142496
CAND 516 5 44898.091096142496 44912.89006714249
CAND 574 5 44912.89006714249 44927.68903814249
CAND 691 5 44927.68903814249 44942.488009142486
CAND 683 5 44942.488009142486 44949.88749414249
CAND 77 5 44949.88749414249 44957.28697914249
CAND 654 5 44957.28697914249 44972.085950142486
CAND 1264 5 44972.085950142486 44986.88492114248
CAND 1257 5 44986.88492114248 44994.284406142484
CAND 1736 5 44994.284406142484 45009.08337714248
CAND 1720 5 45009.08337714248 45012.78311914248
CAND 1712 5 45012.78311914248 45016.482861142475
CAND 929 5 45016.482861142475 45020.18260314247
CAND 915 5 45020.18260314247 45034.98157414247
CAND 1678 5 45034.98157414247 45049.780545142465
CAND 1683 5 45049.780545142465 45064.57951614246
CAND 400 5 45064.57951614246 45068.27925814246
CAND 1668 62 50178.2967492342 50185.6962342342
CAND 1447 62 50185.6962342342 50200.4952052342
CAND 1497 62 50200.4952052342 50215.294176234194
CAND 1479 62 50215.294176234194 50218.99391823419
CAND 362 62 50218.99391823419 50226.39340323419
CAND 357 62 50226.39340323419 50230.09314523419
CAND 1123 62 50230.09314523419 50237.49263023419
CAND 1129 62 50237.49263023419 50252.29160123419
CAND 1116 62 50252.29160123419 50259.69108623419
CAND 1547 6 50627.145002901554 50641.94397390155
CAND 1556 6 50641.94397390155 50656.74294490155
CAND 1538 6 50656.74294490155 50664.14242990155
CAND 1704 6 50664.14242990155 50667.842171901546
CAND 351 6 50667.842171901546 50675.24165690155
CAND 584 6 50675.24165690155 50690.040627901544
CAND 508 6 50690.040627901544 50704.83959890154
CAND 478 6 50704.83959890154 50712.23908390154
CAND 615 6 50712.23908390154 50727.03805490154
CAND 591 6 50727.03805490154 50741.837025901536
CAND 607 6 50741.837025901536 50745.53676790153
CAND 1757 6 50745.53676790153 50752.936252901534
CAND 1749 6 50752.936252901534 50767.73522390153
CAND 460 6 50767.73522390153 50775.13470890153
CAND 541 6 50775.13470890153 50782.534193901534
CAND 517 6 50782.534193901534 50797.33316490153
CAND 533 6 50797.33316490153 50812.13213590153
CAND 1104 6 50812.13213590153 50826.931106901524
CAND 864 6 50826.931106901524 50841.73007790152
CAND 1737 6 50841.73007790152 50856.52904890152
CAND 1721 6 50856.52904890152 50860.228790901514
CAND 1766 6 50860.228790901514 50867.628275901516
CAND 1729 6 50867.628275901516 50871.32801790151
CAND 1713 6 50871.32801790151 50875.02775990151
CAND 684 6 50875.02775990151 50882.42724490151
CAND 559 6 50882.42724490151 50897.22621590151
CAND 575 6 50897.22621590151 50912.025186901505
CAND 551 6 50912.025186901505 50915.7249289015
CAND 567 6 50915.7249289015 50930.5238999015
CAND 449 6 50930.5238999015 50934.223641901495
CAND 638 6 50934.223641901495 50937.92338390149
CAND 335 6 50937.92338390149 50941.62312590149
CAND 662 6 50941.62312590149 50956.422096901486
CAND 676 6 50956.422096901486 50960.12183890148
CAND 334 6 50960.12183890148 50963.82158090148
CAND 655 6 50963.82158090148 50978.62055190148
CAND 669 6 50978.62055190148 50982.32029390147
CAND 582 6 50982.32029390147 50989.719778901475
CAND 646 6 50989.719778901475 50997.11926390148
CAND 640 6 50997.11926390148 51004.51874890148
CAND 409 6 51004.51874890148 51019.317719901475
CAND 416 6 51019.317719901475 51023.01746190147
CAND 401 6 51023.01746190147 51026.71720390147
CAND 916 6 51026.71720390147 51041.516174901466
CAND 930 6 51041.516174901466 51045.21591690146
CAND 909 6 51045.21591690146 51048.91565890146
CAND 923 6 51048.91565890146 51056.31514390146
CAND 452 6 51056.31514390146 51060.01488590146
CAND 1488 6 51060.01488590146 51067.41437090146
CAND 433 6 51067.41437090146 51074.81385590146
CAND 1510 6 51074.81385590146 51078.51359790146
CAND 1504 6 51078.51359790146 51085.91308290146
CAND 1277 63 56047.62138786912 56051.32112986912
CAND 1525 63 56051.32112986912 56055.020871869114
CAND 1448 63 56055.020871869114 56069.81984286911
CAND 1453 63 56069.81984286911 56073.51958486911
CAND 1443 63 56073.51958486911 56077.219326869104
CAND 1469 63 56077.219326869104 56084.618811869106
CAND 1437 63 56084.618811869106 56092.01829686911
CAND 1252 63 56092.01829686911 56095.718038869105
CAND 1240 63 56095.718038869105 56099.4177808691
CAND 1234 63 56099.4177808691 56103.1175228691
CAND 1475 63 56103.1175228691 56117.916493869096
CAND 1480 63 56117.916493869096 56121.61623586909
CAND 1124 63 56121.61623586909 56129.015720869094
CAND 1130 63 56129.015720869094 56143.81469186909
CAND 1117 63 56143.81469186909 56151.21417686909
CAND 46 63 56151.21417686909 56154.91391886909
CAND 34 63 56154.91391886909 56158.61366086909
CAND 52 63 56158.61366086909 56162.313402869084
CAND 40 63 56162.313402869084 56169.712887869086
CAND 67 63 56169.712887869086 56173.41262986908
CAND 72 63 56173.41262986908 56180.812114869084
CAND 20 63 56180.812114869084 56188.211599869086
CAND 26 63 56188.211599869086 56195.61108486909
CAND 8 63 56195.61108486909 56199.310826869085
CAND 14 63 56199.310826869085 56214.10979786908
CAND 972 63 56214.10979786908 56228.90876886908
CAND 946 63 56228.90876886908 56232.608510869075
CAND 960 63 56232.608510869075 56247.40748186907
CAND 978 63 56247.40748186907 56262.20645286907
CAND 952 63 56262.20645286907 56269.60593786907
CAND 966 63 56269.60593786907 56277.00542286907
CAND 1705 41 57287.532273709774 57291.23201570977
CAND 865 41 57291.23201570977 57306.03098670977
CAND 857 41 57306.03098670977 57313.43047170977
CAND 135 64 61881.74030634761 61889.13979134761
CAND 129 64 61889.13979134761 61896.53927634761
CAND 154 64 61896.53927634761 61911.33824734761
CAND 159 64 61911.33824734761 61926.137218347605
CAND 148 64 61926.137218347605 61929.8369603476
CAND 140 64 61929.8369603476 61937.236445347604
CAND 1804 64 61937.236445347604 61944.635930347606
CAND 1792 64 61944.635930347606 61948.3356723476
CAND 1798 64 61948.3356723476 61963.1346433476
CAND 1786 64 61963.1346433476 61970.5341283476
CAND 35 64 61970.5341283476 61974.2338703476
CAND 47 64 61974.2338703476 61977.933612347595
CAND 41 64 61977.933612347595 61985.3330973476
CAND 53 64 61985.3330973476 61989.032839347594
CAND 9 64 61989.032839347594 61992.73258134759
CAND 21 64 61992.73258134759 62000.13206634759
CAND 15 64 62000.13206634759 62014.93103734759
CAND 27 64 62014.93103734759 62022.33052234759
CAND 61 64 62022.33052234759 62037.12949334759
CAND 1181 64 62037.12949334759 62051.928464347584
CAND 1169 64 62051.928464347584 62059.327949347586
CAND 1187 64 62059.327949347586 62074.12692034758
CAND 1175 64 62074.12692034758 62077.82666234758
CAND 1587 64 62077.82666234758 62092.625633347576
CAND 1625 64 62092.625633347576 62107.42460434757
CAND 1619 64 62107.42460434757 62111.12434634757
CAND 316 64 62111.12434634757 62114.82408834757
CAND 1655 64 62114.82408834757 62118.52383034756
CAND 1643 64 62118.52383034756 62125.923315347565
CAND 1631 64 62125.923315347565 62133.32280034757
CAND 1593 64 62133.32280034757 62148.12177134756
CAND 1649 64 62148.12177134756 62162.92074234756
CAND 1661 64 62162.92074234756 62177.71971334756
CAND 1637 64 62177.71971334756 62181.41945534755
CAND 1599 64 62181.41945534755 62196.21842634755
CAND 239 64 62196.21842634755 62203.61791134755
CAND 231 64 62203.61791134755 62211.01739634755
CAND 243 64 62211.01739634755 62214.71713834755
CAND 235 64 62214.71713834755 62222.11662334755
CAND 1611 64 62222.11662334755 62229.516108347554
CAND 1605 64 62229.516108347554 62236.915593347556
CAND 249 64 62236.915593347556 62240.61533534755
CAND 260 64 62240.61533534755 62255.41430634755
CAND 255 42 63206.01781728864 63213.41730228864
CAND 265 42 63213.41730228864 63220.81678728864
CAND 295 42 63220.81678728864 63224.51652928864
CAND 301 42 63224.51652928864 63228.216271288635
CAND 223 42 63228.216271288635 63231.91601328863
CAND 218 42 63231.91601328863 63235.61575528863
CAND 271 42 63235.61575528863 63239.315497288626
CAND 283 42 63239.315497288626 63243.01523928862
CAND 277 42 63243.01523928862 63246.71498128862
CAND 289 42 63246.71498128862 63254.11446628862
CAND 213 42 63254.11446628862 63268.91343728862
CAND 2282 42 63268.91343728862 63283.712408288615
CAND 2138 42 63283.712408288615 63298.51137928861
CAND 2126 42 63298.51137928861 63313.31035028861
CAND 2132 42 63313.31035028861 63317.010092288605
CAND 2120 42 63317.010092288605 63331.8090632886
CAND 2296 42 63331.8090632886 63335.5088052886
CAND 2395 42 63335.5088052886 63342.9082902886
CAND 2413 42 63342.9082902886 63357.7072612886
CAND 2412 42 63357.7072612886 63361.407003288594
CAND 2512 42 63361.407003288594 63365.10674528859
CAND 1989 42 63365.10674528859 63368.80648728859
CAND 1988 42 63368.80648728859 63372.506229288585
CAND 1987 42 63372.506229288585 63387.30520028858
CAND 2230 42 63387.30520028858 63391.00494228858
CAND 2224 42 63391.00494228858 63398.40442728858
CAND 2218 42 63398.40442728858 63405.80391228858
CAND 2212 42 63405.80391228858 63420.60288328858
CAND 2043 42 63420.60288328858 63435.401854288575
CAND 1824 42 63435.401854288575 63442.80133928858
CAND 1818 42 63442.80133928858 63446.501081288574
CAND 1971 42 63446.501081288574 63450.20082328857
CAND 1964 42 63450.20082328857 63453.90056528857
CAND 1957 42 63453.90056528857 63457.600307288565
CAND 1950 42 63457.600307288565 63464.99979228857
CAND 2408 42 63464.99979228857 63472.39927728857
CAND 2407 42 63472.39927728857 63476.099019288566
CAND 2526 42 63476.099019288566 63479.79876128856
CAND 62 65 67645.02475515008 67659.82372615008
CAND 701 65 67659.82372615008 67674.62269715007
CAND 706 65 67674.62269715007 67678.32243915007
CAND 739 65 67678.32243915007 67682.02218115007
CAND 745 65 67682.02218115007 67696.82115215006
CAND 219 65 67696.82115215006 67700.52089415006
CAND 224 65 67700.52089415006 67704.22063615006
CAND 759 65 67704.22063615006 67707.92037815005
CAND 753 65 67707.92037815005 67715.31986315006
CAND 1160 65 67715.31986315006 67722.71934815006
CAND 1154 65 67722.71934815006 67726.41909015006
CAND 993 65 67726.41909015006 67741.21806115005
CAND 998 65 67741.21806115005 67748.61754615005
CAND 983 65 67748.61754615005 67756.01703115006
CAND 1149 65 67756.01703115006 67770.81600215005
CAND 988 65 67770.81600215005 67774.51574415005
CAND 1144 65 67774.51574415005 67789.31471515005
CAND 2185 35 71381.7549648583 71385.45470685829
CAND 2127 35 71385.45470685829 71400.25367785829
CAND 2139 35 71400.25367785829 71415.05264885828
CAND 2032 35 71415.05264885828 71422.45213385829
CAND 2231 35 71422.45213385829 71426.15187585828
CAND 2213 35 71426.15187585828 71440.95084685828
CAND 2196 35 71440.95084685828 71455.74981785828
CAND 1906 35 71455.74981785828 71470.54878885827
CAND 1854 35 71470.54878885827 71474.24853085827
CAND 1972 35 71474.24853085827 71477.94827285827
CAND 2265 35 71477.94827285827 71485.34775785827
CAND 2259 35 71485.34775785827 71500.14672885826
CAND 1836 35 71500.14672885826 71514.94569985826
CAND 2493 35 71514.94569985826 71518.64544185826
CAND 2487 35 71518.64544185826 71533.44441285825
CAND 2114 35 71533.44441285825 71537.14415485825
CAND 2332 35 71537.14415485825 71551.94312585825
CAND 2339 35 71551.94312585825 71555.64286785825
CAND 2364 35 71555.64286785825 71563.04235285825
CAND 2370 35 71563.04235285825 71577.84132385824
CAND 2150 35 71577.84132385824 71581.54106585824
CAND 2519 35 71581.54106585824 71585.24080785824
CAND 2253 35 71585.24080785824 71588.94054985823
CAND 2070 35 71588.94054985823 71596.34003485824
CAND 2058 35 71596.34003485824 71600.03977685823
CAND 1986 35 71600.03977685823 71614.83874785823
CAND 1980 35 71614.83874785823 71622.23823285823
CAND 2081 35 71622.23823285823 71629.63771785823
CAND 2293 35 71629.63771785823 71637.03720285824
CAND 2464 35 71637.03720285824 71644.43668785824
CAND 2474 35 71644.43668785824 71651.83617285824
CAND 2459 35 71651.83617285824 71666.63514385824
CAND 1056 35 71666.63514385824 71670.33488585823
CAND 1071 35 71670.33488585823 71674.03462785823
CAND 1066 35 71674.03462785823 71677.73436985823
CAND 1061 35 71677.73436985823 71685.13385485823
CAND 1025 35 71685.13385485823 71688.83359685823
CAND 826 66 73384.15967789292 73387.85941989292
CAND 834 66 73387.85941989292 73402.65839089292
CAND 830 66 73402.65839089292 73410.05787589292
CAND 838 66 73410.05787589292 73417.45736089292
CAND 818 66 73417.45736089292 73421.15710289292
CAND 779 66 73421.15710289292 73428.55658789292
CAND 784 66 73428.55658789292 73435.95607289292
CAND 793 66 73435.95607289292 73450.75504389292
CAND 798 66 73450.75504389292 73454.45478589291
CAND 726 66 73454.45478589291 73458.15452789291
CAND 714 66 73458.15452789291 73461.85426989291
CAND 732 66 73461.85426989291 73469.25375489291
CAND 720 66 73469.25375489291 73476.65323989291
CAND 1139 66 73476.65323989291 73484.05272489291
CAND 740 66 73484.05272489291 73487.75246689291
CAND 746 66 73487.75246689291 73502.55143789291
CAND 754 66 73502.55143789291 73509.95092289291
CAND 760 66 73509.95092289291 73513.6506648929
CAND 1155 66 73513.6506648929 73517.3504068929
CAND 1161 66 73517.3504068929 73524.7498918929
CAND 984 66 73524.7498918929 73532.1493768929
CAND 994 66 73532.1493768929 73546.9483478929
CAND 989 66 73546.9483478929 73550.6480898929
CAND 999 66 73550.6480898929 73558.0475748929
CAND 191 36 77205.94107738137 77213.34056238137
CAND 183 36 77213.34056238137 77228.13953338137
CAND 2179 36 77228.13953338137 77235.53901838137
CAND 2186 36 77235.53901838137 77239.23876038137
CAND 1944 36 77239.23876038137 77254.03773138137
CAND 1930 36 77254.03773138137 77268.83670238136
CAND 1937 36 77268.83670238136 77276.23618738136
CAND 1923 36 77276.23618738136 77279.93592938136
CAND 2421 36 77279.93592938136 77294.73490038136
CAND 2237 36 77294.73490038136 77302.13438538136
CAND 2040 36 77302.13438538136 77305.83412738136
CAND 2094 36 77305.83412738136 77320.63309838135
CAND 2033 36 77320.63309838135 77328.03258338135
CAND 2326 36 77328.03258338135 77331.73232538135
CAND 2197 36 77331.73232538135 77346.53129638135
CAND 2352 36 77346.53129638135 77361.33026738135
CAND 2307 36 77361.33026738135 77365.03000938134
CAND 2109 36 77365.03000938134 77372.42949438134
CAND 2388 36 77372.42949438134 77387.22846538134
CAND 1869 36 77387.22846538134 77402.02743638134
CAND 1863 36 77402.02743638134 77405.72717838133
CAND 2544 36 77405.72717838133 77413.12666338134
CAND 2065 36 77413.12666338134 77427.92563438133
CAND 1043 36 77427.92563438133 77431.62537638133
CAND 2142 36 77431.62537638133 77439.02486138133
CAND 2141 36 77439.02486138133 77442.72460338133
CAND 2143 36 77442.72460338133 77446.42434538133
CAND 1052 36 77446.42434538133 77453.82383038133
CAND 1057 36 77453.82383038133 77457.52357238132
CAND 2268 36 77457.52357238132 77461.22331438132
CAND 1026 36 77461.22331438132 77464.92305638132
CAND 1032 36 77464.92305638132 77479.72202738131
CAND 1067 36 77479.72202738131 77483.42176938131
CAND 1062 36 77483.42176938131 77490.82125438131
CAND 1076 36 77490.82125438131 77498.22073938132
CAND 880 67 79181.72736307979 79196.52633407978
CAND 890 67 79196.52633407978 79211.32530507978
CAND 895 67 79211.32530507978 79215.02504707978
CAND 358 67 79215.02504707978 79218.72478907977
CAND 363 67 79218.72478907977 79226.12427407978
CAND 1258 67 79226.12427407978 79233.52375907978
CAND 1265 67 79233.52375907978 79248.32273007977
CAND 1193 67 79248.32273007977 79252.02247207977
CAND 1205 67 79252.02247207977 79266.82144307977
CAND 1215 67 79266.82144307977 79274.22092807977
CAND 1284 67 79274.22092807977 79277.92067007977
CAND 1278 67 79277.92067007977 79281.62041207976
CAND 107 67 79281.62041207976 79289.01989707976
CAND 87 67 79289.01989707976 79292.71963907976
CAND 79 67 79292.71963907976 79300.11912407976
CAND 103 67 79300.11912407976 79314.91809507976
CAND 95 67 79314.91809507976 79318.61783707976
CAND 469 67 79318.61783707976 79333.41680807975
CAND 461 67 79333.41680807975 79340.81629307976
CAND 352 67 79340.81629307976 79348.21577807976
CAND 343 67 79348.21577807976 79351.91552007975
CAND 1557 67 79351.91552007975 79366.71449107975
CAND 1567 67 79366.71449107975 79370.41423307975
CAND 1539 67 79370.41423307975 79377.81371807975
CAND 1548 67 79377.81371807975 79392.61268907975
CAND 616 67 79392.61268907975 79407.41166007974
CAND 608 67 79407.41166007974 79411.11140207974
CAND 600 67 79411.11140207974 79418.51088707974
CAND 592 67 79418.51088707974 79433.30985807974
CAND 509 67 79433.30985807974 79448.10882907973
CAND 499 67 79448.10882907973 79451.80857107973
CAND 489 67 79451.80857107973 79455.50831307973
CAND 479 67 79455.50831307973 79462.90779807973
CAND 621 67 79462.90779807973 79466.60754007973
CAND 618 67 79466.60754007973 79481.40651107972
CAND 184 48 83561.96107774973 83576.76004874973
CAND 192 48 83576.76004874973 83584.15953374973
CAND 1870 48 83584.15953374973 83598.95850474972
CAND 1864 48 83598.95850474972 83602.65824674972
CAND 2545 48 83602.65824674972 83610.05773174972
CAND 2207 48 83610.05773174972 83617.45721674972
CAND 1395 48 83617.45721674972 83624.85670174973
CAND 1091 48 83624.85670174973 83628.55644374972
CAND 1096 7 84772.40148812532 84776.10123012532
CAND 1292 7 84776.10123012532 84779.80097212532
CAND 1383 7 84779.80097212532 84794.59994312531
CAND 1372 7 84794.59994312531 84809.39891412531
CAND 1360 7 84809.39891412531 84816.79839912531
CAND 1297 7 84816.79839912531 84820.49814112531
CAND 1388 7 84820.49814112531 84824.1978831253
CAND 1378 7 84824.1978831253 84827.8976251253
CAND 1366 7 84827.8976251253 84831.5973671253
CAND 1345 7 84831.5973671253 84835.2971091253
CAND 1335 7 84835.2971091253 84850.0960801253
CAND 1350 7 84850.0960801253 84864.89505112529
CAND 1340 7 84864.89505112529 84879.69402212529
CAND 1004 7 84879.69402212529 84883.39376412529
CAND 1008 7 84883.39376412529 84898.19273512528
CAND 881 7 84898.19273512528 84912.99170612528
CAND 1674 7 84912.99170612528 84920.39119112528
CAND 1684 7 84920.39119112528 84935.19016212528
CAND 1679 7 84935.19016212528 84949.98913312527
CAND 1689 7 84949.98913312527 84964.78810412527
CAND 1259 7 84964.78810412527 84972.18758912527
CAND 88 7 84972.18758912527 84975.88733112527
CAND 931 7 84975.88733112527 84979.58707312527
CAND 917 7 84979.58707312527 84994.38604412526
CAND 104 7 84994.38604412526 85009.18501512526
CAND 96 7 85009.18501512526 85012.88475712526
CAND 410 7 85012.88475712526 85027.68372812525
CAND 583 7 85027.68372812525 85035.08321312525
CAND 552 7 85035.08321312525 85038.78295512525
CAND 631 7 85038.78295512525 85053.58192612525
CAND 1206 7 85053.58192612525 85068.38089712524
CAND 534 7 85068.38089712524 85083.17986812524
CAND 450 7 85083.17986812524 85086.87961012524
CAND 526 7 85086.87961012524 85094.27909512524
CAND 609 7 85094.27909512524 85097.97883712524
CAND 1105 7 85097.97883712524 85112.77780812523
CAND 1517 7 85112.77780812523 85127.57677912523
CAND 1524 7 85127.57677912523 85134.97626412523
CAND 500 27 85767.2941609323 85770.9939029323
CAND 490 27 85770.9939029323 85774.6936449323
CAND 1489 27 85774.6936449323 85782.0931299323
CAND 1730 27 85782.0931299323 85785.7928719323
CAND 1714 27 85785.7928719323 85789.49261393229
CAND 1738 27 85789.49261393229 85804.29158493229
CAND 344 27 85804.29158493229 85807.99132693229
CAND 1750 27 85807.99132693229 85822.79029793228
CAND 1558 27 85822.79029793228 85837.58926893228
CAND 1540 27 85837.58926893228 85844.98875393228
CAND 1568 27 85844.98875393228 85848.68849593228
CAND 866 27 85848.68849593228 85863.48746693227