96 0 0.0 7.399485902854087 3699742
12 0 25.64185145532528 33.04133735817937 3699742
23 0 33.15711216449171 40.556598067345796 14798971
132 0 75.07006473281905 82.46955063567313 7399485
45 0 116.4876121094583 123.88709801231238 7399485
121 0 157.81952739057027 165.21901329342435 3699742
72 0 182.03633729919642 189.4358232020505 7399485
34 0 206.669707683416 214.06919358627007 7399485
1612 0 664.6064604222775 672.0059463251315 14798971
1618 0 672.0577498540586 679.4572357569126 14798971
1600 0 679.6967001407465 687.0961860436006 7399485
1606 0 687.14670354731 694.5461894501641 3699742
2162 0 776.0597160160542 783.4592019189082 14798971
2202 0 783.6738407091057 791.0733266119597 14798971
2196 0 791.3045863324955 798.7040722353496 3699742
2208 0 801.9591574853903 809.3586433882443 7399485
2220 0 809.8773211778874 817.2768070807415 7399485
2232 0 817.2768070807415 824.6762929835955 3699742
2214 0 825.2902847081359 832.68977061099 3699742
2168 0 833.1832521496583 840.5827380525124 14798971
2238 0 840.6114625941332 848.0109484969872 14798971
2226 0 848.0109484969872 855.4104343998413 14798971
2174 0 855.5318559360913 862.9313418389454 14798971
2188 0 864.5392906606131 871.9387765634672 7399485
2181 0 872.1925347300642 879.5920206329182 7399485
436 0 882.6237509373099 890.0232368401639 3699742
371 0 898.6278018500007 906.0272877528547 14798971
357 0 906.4048200307903 913.8043059336444 3699742
378 0 914.3037813011737 921.7032672040277 7399485
364 0 922.0830075350766 929.4824934379307 7399485
413 0 930.2136686354396 937.6131545382937 3699742
420 0 937.7395419158655 945.1390278187196 3699742
343 0 957.9739978064166 965.3734837092707 7399485
350 0 965.4029569500499 972.8024428529039 3699742
336 0 972.8791219079795 980.2786078108336 7399485
329 0 980.3074571919602 987.7069430948143 7399485
1923 0 1024.2835356661808 1031.683021569035 7399485
1917 0 1032.2196686718003 1039.6191545746544 7399485
399 0 1061.2669258164992 1068.6664117193534 3699742
385 0 1069.0597456823866 1076.4592315852408 3699742
406 0 1076.994439460074 1084.3939253629283 7399485
392 0 1084.7892903196484 1092.1887762225026 3699742
1313 0 1135.7519768135176 1143.1514627163717 14798971
1323 0 1143.2597521959183 1150.6592380987724 14798971
1318 0 1150.7578573254443 1158.1573432282985 7399485
1328 0 1158.265149471581 1165.6646353744352 14798971
1301 0 1165.9177383864865 1173.3172242893406 3699742
1306 0 1173.3251985733018 1180.724684476156 7399485
299 0 1229.5309803086227 1236.9304662114769 14798971
211 0 3836.5734743475914 3843.9729602504453 7399485
2418 0 3888.9166444540024 3896.3161303568563 3699742
2430 0 3896.4972520469155 3903.8967379497694 7399485
2412 0 3904.053386624972 3911.452872527826 7399485
2424 0 3911.632973908537 3919.032459811391 14798971
107 0 5739.460870116949 5746.8603560198035 14798971
330 0 6662.591483980417 6669.990969883272 7399485
344 0 6670.2011365501385 6677.600622452993 7399485
337 0 6677.77680583851 6685.176291741364 7399485
351 0 6685.385243701068 6692.784729603923 3699742
311 0 6744.358669817448 6751.758155720302 3699742
320 0 6752.230564761308 6759.630050664163 3699742
437 0 6774.654254350711 6782.053740253566 3699742
984 0 6903.474986970425 6910.874472873279 3699742
976 0 6910.904779902394 6918.304265805248 14798971
300 0 7002.593474090099 7009.992959992954 14798971
1371 0 7247.819805890322 7255.219291793176 7399485
1360 0 7255.257721255911 7262.657207158765 14798971
1349 0 7262.667279804991 7270.066765707846 3699742
1338 0 7270.104636027097 7277.504121929951 7399485
3085 0 8528.507518291473 8535.907004194327 14798971
2864 0 8541.090802431107 8548.49028833396 14798971
250 0 8570.103169346754 8577.502655249607 14798971
3397 0 8596.898402088309 8604.297887991162 3699742
2993 0 8610.175658274784 8617.575144177637 7399485
285 5 8635.155070491539 8642.554556394392 3699742
2455 0 8656.779769710567 8664.17925561342 7399485
2446 0 8664.314813909294 8671.714299812147 3699742
2633 0 8674.003622484748 8681.403108387602 3699742
2642 0 8682.016498157493 8689.415984060346 3699742
2624 0 8689.907164226835 8697.306650129689 7399485
3062 0 8707.056451148042 8714.455937050896 7399485
2555 0 8716.949706125735 8724.349192028589 3699742
2817 0 8729.54771517559 8736.947201078443 14798971
2497 0 8738.76419669195 8746.163682594803 3699742
2479 0 8746.31402680536 8753.713512708213 3699742
2488 0 8753.881229801875 8761.280715704728 14798971
2470 0 8761.431865947625 8768.831351850478 14798971
3433 0 8768.880218998189 8776.279704901042 3699742
2523 3 8785.325538838562 8792.725024741416 3699742
3404 0 8792.757852583589 8800.157338486442 3699742
3378 0 8811.22909868322 8818.628584586073 14798971
3369 0 8818.738432446302 8826.137918349155 3699742
3044 0 8831.796805750253 8839.196291653107 3699742
3211 0 8843.77490915369 8851.174395056543 14798971
2847 0 8852.860784824 8860.260270726854 3699742
2923 0 8863.323189333818 8870.722675236671 3699742
3202 0 8872.085463795258 8879.484949698111 14798971
2905 0 8880.680922745256 8888.08040864811 14798971
2914 0 8888.26904218373 8895.668528086584 3699742
2838 0 8906.239617127889 8913.639103030742 7399485
2896 0 8916.64297488851 8924.042460791363 3699742
2682 0 8925.37333551393 8932.772821416784 7399485
2539 0 8933.793434525109 8941.192920427962 7399485
2531 0 8941.36732861342 8948.766814516273 3699742
2670 0 8951.398652392852 8958.798138295706 14798971
2807 0 8961.24245589385 8968.641941796703 3699742
3326 0 8976.651440798389 8984.050926701242 7399485
3334 0 8984.539281545292 8991.938767448146 7399485
3318 0 8992.348884218756 8999.74837012161 14798971
2792 0 9011.916753753663 9019.316239656517 7399485
2774 0 9011.989377625645 9019.388863528498 14798971
3102 0 9019.854272195755 9027.253758098608 7399485
3094 0 9027.34012205059 9034.739607953443 3699742
1153 0 12411.815970927477 12419.21545683033 14798971
1139 0 12419.736998832244 12427.136484735098 3699742
1160 0 12427.779634543573 12435.179120446426 7399485
1146 0 12435.703287886698 12443.102773789551 7399485
1129 0 12508.083140850067 12515.48262675292 3699742
1028 0 12550.482377499342 12557.881863402195 3699742
1035 0 12557.996776435448 12565.396262338301 14798971
1085 0 12598.303758770227 12605.703244673081 7399485
1077 0 12606.038846486117 12613.43833238897 7399485
1105 0 12615.08147996795 12622.480965870804 3699742
1097 0 12622.849759771594 12630.249245674448 14798971
1011 0 12632.125065503222 12639.524551406075 3699742
995 0 12639.832432811367 12647.23191871422 3699742
1019 0 12647.63097381186 12655.030459714713 7399485
1003 0 12655.340378928726 12662.73986483158 7399485
977 0 12708.33531004758 12715.734795950433 14798971
985 0 12715.77044639986 12723.169932302713 3699742
1055 0 12749.721602418023 12757.121088320877 3699742
1046 0 12757.73671197075 12765.136197873604 7399485
1561 0 12789.671016747803 12797.070502650657 7399485
1584 0 12814.48165395675 12821.881139859603 3699742
1568 0 12822.40548865625 12829.804974559103 14798971
1592 0 12830.486189796338 12837.885675699192 7399485
1576 0 12838.411569690234 12845.811055593087 14798971
1361 0 12895.437177628279 12902.836663531132 14798971
1339 0 12903.29698478102 12910.696470683873 7399485
1372 0 12911.283360551772 12918.682846454625 7399485
1350 0 12919.14019678649 12926.539682689343 3699742
