1778 1 533.7500392496586 541.1495251525126 7399485
1900 0 544.5370039680992 551.9364898709532 7399485
1800 1 569.923984259367 577.323470162221 7399485
1846 0 582.6458650827408 590.0453509855948 7399485
1864 0 590.2039321289622 597.6034180318162 14798971
1756 0 597.6884803542421 605.0879662570961 3699742
1855 0 605.2733804097309 612.6728663125849 3699742
1794 1 612.8814859192715 620.2809718221256 7399485
1881 0 620.3584471569278 627.7579330597819 14798971
1872 0 627.886641566361 635.2861274692151 3699742
1764 0 635.3705627746391 642.7700486774932 3699742
1787 1 642.8104692791437 650.2099551819978 14798971
1889 0 650.2694043536219 657.668890256476 3699742
1796 1 657.7382785017073 665.1377644045614 14798971
1776 1 665.2295906124175 672.6290765152715 7399485
1797 0 674.7914339550679 682.1909198579219 3699742
1798 0 682.2289982041303 689.6284841069844 14798971
1805 0 690.2385164274137 697.6380023302678 14798971
1823 0 697.7493131229709 705.1487990258249 3699742
1814 0 705.2184665598037 712.6179524626577 14798971
1832 0 712.728401209897 720.1278871127511 14798971
1487 0 721.2707850289078 728.6702709317618 3699742
1495 0 728.7026638494646 736.1021497523186 3699742
3450 0 829.6783564090729 837.0778423119269 3699742
2039 0 1645.833450525999 1653.2329364288532 14798971
1965 0 1665.3341954052448 1672.733681308099 14798971
1927 0 1689.3070638813183 1696.7065497841725 14798971
1956 0 1697.4546771111486 1704.8541630140028 3699742
2077 0 1709.452800132946 1716.8522860358003 7399485
1680 0 1731.3342619273503 1738.7337478302045 3699742
549 0 1761.9269911936924 1769.3264770965466 3699742
561 0 1784.360483538308 1791.7599694411622 14798971
571 0 1792.130204313812 1799.5296902166663 3699742
1271 0 1807.0380240915222 1814.4375099943763 7399485
1261 0 1814.622909038146 1822.0223949410001 14798971
1281 0 1822.2466443303872 1829.6461302332414 3699742
617 0 1840.6125973261142 1848.0120832289683 3699742
145 0 1864.7948924729812 1872.1943783758354 3699742
767 0 1877.8233319882193 1885.2228178910734 14798971
949 0 1887.0892138319448 1894.488699734799 7399485
960 0 1894.7172163449702 1902.1167022478244 14798971
705 0 1902.5231608817032 1909.9226467845574 14798971
717 0 1909.9657654248176 1917.3652513276718 7399485
2366 0 1935.4056734940036 1942.8051593968578 14798971
1742 0 1968.6823563658525 1976.0818422687066 3699742
853 0 1981.048594428061 1988.4480803309152 14798971
693 0 1989.2609353201988 1996.660421223053 14798971
1179 0 2032.8087928307505 2040.2082787336046 7399485
1753 0 2082.6206211377057 2090.0201070405597 3699742
2107 0 2093.440984960318 2100.840470863172 14798971
2135 0 2100.9447454971737 2108.3442314000276 3699742
1621 0 2111.45426294263 2118.853748845484 3699742
1623 0 2118.91305265862 2126.312538561474 7399485
1630 0 2127.1291039582748 2134.5285898611287 14798971
1643 0 2134.534791583989 2141.934277486843 7399485
1527 0 4559.245636045933 4566.645121948787 7399485
1547 0 4571.6235946416855 4579.02308054454 14798971
1537 0 4579.102488878434 4586.5019747812885 7399485
1672 0 7603.696090966463 7611.0955768693175 3699742
1690 0 7611.2139799346105 7618.613465837465 14798971
1681 0 7618.721079111817 7626.120565014671 3699742
1699 0 7626.238415874201 7633.637901777055 3699742
2033 4 7635.237771598839 7642.637257501693 14798971
2034 4 7642.714296005406 7650.1137819082605 7399485
2050 0 7663.428737550974 7670.828223453828 7399485
2059 0 7670.8353939854605 7678.234879888315 3699742
1995 0 7758.309846788645 7765.709332691499 7399485
2025 0 7808.720000863075 7816.11948676593 7399485
1180 0 7838.826816678047 7846.226302580902 7399485
1193 0 7846.2266242004935 7853.626110103348 14798971
1174 4 7887.770495921373 7895.169981824228 7399485
2359 4 7937.778337061405 7945.17782296426 7399485
2388 4 7959.774466663599 7967.173952566453 14798971
2301 0 8042.32187461853 8049.721360521385 3699742
127 0 10439.82998970151 10447.229475604363 7399485
116 0 10447.313418778891 10454.712904681744 3699742
40 0 10506.383065074682 10513.782550977536 7399485
18 0 10514.07929140064 10521.478777303493 14798971
91 0 10541.490156993266 10548.88964289612 3699742
29 0 10568.488013831588 10575.887499734441 7399485
67 0 10594.91817826087 10602.317664163724 7399485
7 0 10621.647100918257 10629.04658682111 3699742
79 0 10649.11349770999 10656.512983612844 3699742
55 0 10657.079375357713 10664.478861260566 3699742
230 0 12553.30598193407 12560.705467836924 14798971
224 0 12560.897061583024 12568.296547485877 14798971
197 0 12629.276684135199 12636.676170038052 7399485
203 0 12636.688048594255 12644.087534497108 7399485
217 0 12646.208151996136 12653.60763789899 3699742
281 0 13736.23810377717 13743.637589680024 3699742
280 0 13743.734090380716 13751.13357628357 3699742
