2085 0 1856.668227314949 1864.0677132178032 14798971
2086 0 1864.1697574293069 1871.569243332161 14798971
2087 0 1871.6440190623007 1879.0435049651549 3699742
2088 0 1879.0623713756474 1886.4618572785016 3699742
2089 0 1886.5442098151698 1893.943695718024 7399485
2090 0 1893.9619896816776 1901.3614755845317 7399485
1163 0 1902.7602941318137 1910.1597800346678 14798971
1164 0 1910.1837897480002 1917.5832756508544 3699742
1135 0 1918.2341855119366 1925.6336714147908 3699742
1142 0 1925.6536294086084 1933.0531153114625 7399485
1149 0 1933.1501948229168 1940.549680725771 14798971
1156 0 1940.5689999907993 1947.9684858936535 7399485
1125 0 1951.744706541044 1959.1441924438982 3699742
988 0 1962.531904970251 1969.931390873105 14798971
989 0 1970.0549398631138 1977.454425765968 3699742
1022 0 1977.8331033186678 1985.232589221522 3699742
1073 0 2035.3091343045235 2042.7086202073776 7399485
1081 0 2042.9014233973955 2050.3009093002497 7399485
1068 0 2053.9034807575595 2061.3029666604134 14798971
991 0 2065.805104569907 2073.204590472761 3699742
1069 0 2077.7198142970074 2085.1193001998613 14798971
1007 0 2089.4234263748317 2096.8229122776856 3699742
1070 0 2101.206668570117 2108.606154472971 7399485
999 0 2113.166698859747 2120.566184762601 7399485
1015 0 2120.776060543855 2128.1755464467087 7399485
1071 0 2132.5388407346163 2139.9383266374703 7399485
1093 0 2143.2541497767693 2150.653635679623 14798971
1101 0 2150.8293856966156 2158.2288715994696 3699742
1557 0 2169.920142538153 2177.319628441007 7399485
1088 0 2191.151906445525 2198.551392348379 14798971
1089 0 2198.5639297806874 2205.9634156835414 7399485
1090 0 2206.059590348991 2213.459076251845 3699742
1091 0 2213.4711045801646 2220.8705904830185 7399485
1563 0 2221.6681608136187 2229.0676467164726 14798971
1579 0 2229.1876291343015 2236.5871150371554 3699742
1571 0 2236.6939708359264 2244.0934567387803 14798971
1587 0 2244.21287181915 2251.612357722004 7399485
1118 0 2253.1444665482686 2260.5439524511225 14798971
1120 0 2260.708792701378 2268.108278604232 14798971
1110 0 2268.6399928390783 2276.0394787419323 7399485
1119 0 2276.8176697341355 2284.2171556369894 3699742
1121 0 2284.456066684848 2291.855552587702 3699742
1111 0 2292.3857607748027 2299.7852466776567 3699742
1122 0 2300.3929331465974 2307.7924190494514 14798971
1123 0 2307.7996271068914 2315.1991130097454 14798971
1040 0 2315.3285777254914 2322.7280636283454 7399485
1049 0 2322.812675482095 2330.212161384949 3699742
1331 0 2479.1310092806816 2486.5304951835355 7399485
1342 0 2486.530975811468 2493.930461714322 3699742
1353 0 2493.9943296030146 2501.3938155058686 14798971
1364 0 2501.3944895186955 2508.7939754215495 7399485
271 0 3779.5796363651752 3786.979122268029 7399485
259 0 3787.3866310161716 3794.7861169190255 14798971
2933 0 3873.1630874872208 3880.5625733900747 7399485
2943 0 3880.6355328111945 3888.0350187140484 3699742
2657 1 3923.2938174307346 3930.6933033335886 7399485
2656 1 3930.741268055804 3938.140753958658 7399485
3293 0 3958.9654173544272 3966.364903257281 14798971
3273 0 3966.858424516014 3974.257910418868 3699742
3283 0 3974.9279147192974 3982.3274006221513 14798971
3263 0 3982.8200623929847 3990.2195482958386 14798971
3037 1 4011.2389834645696 4018.6384693674236 7399485
2593 0 4024.718459727848 4032.117945630702 14798971
2613 0 4032.323304103121 4039.7227900059747 14798971
3039 1 4045.6622621772644 4053.0617480801184 7399485
2583 0 4059.1084869296365 4066.5079728324904 3699742
2603 0 4066.7117032220085 4074.1111891248624 7399485
3038 1 4080.0006080149733 4087.4000939178272 14798971
2953 1 4087.757601825799 4095.157087728653 14798971
2955 1 4095.2138304751074 4102.613316377961 14798971
2954 1 4102.653993323995 4110.053479226849 7399485
2462 1 4110.866723582593 4118.266209485448 14798971
2886 1 4118.713290558204 4126.112776461058 3699742
2461 1 4126.513282127787 4133.912768030641 7399485
3233 0 4148.325591295715 4155.725077198569 3699742
3224 0 4155.868917854274 4163.268403757128 14798971
2515 0 4184.585260721972 4191.984746624827 14798971
2972 0 4192.559363485716 4199.95884938857 7399485
2507 0 4200.390280989269 4207.789766892123 3699742
3439 0 4207.822399809155 4215.22188571201 7399485
2705 0 4241.15430982805 4248.553795730904 3699742
2721 0 4248.878757679107 4256.278243581962 7399485
2697 0 4256.490180682812 4263.889666585666 14798971
2713 0 4264.212492274997 4271.611978177852 3699742
1423 0 4279.649151727078 4287.048637629932 3699742
1378 0 7506.367142438889 7513.766628341743 3699742
1385 0 7513.783372279775 7521.182858182629 14798971
1213 0 8112.254225671291 8119.653711574146 14798971
1226 0 8122.835830539465 8130.235316442319 14798971
1235 0 8130.40119805376 8137.800683956614 3699742
488 0 8155.263397444296 8162.6628833471505 3699742
496 0 8162.771245640164 8170.1707315430185 7399485
2248 0 8239.551751881838 8246.951237784691 7399485
2274 0 8274.445034325123 8281.844520227976 14798971
2256 0 8282.240068986384 8289.639554889238 7399485
2283 0 8290.193493669947 8297.5929795728 14798971
2265 0 8297.990289889667 8305.38977579252 14798971
1709 0 8342.925528854132 8350.325014756985 7399485
1719 0 8350.47349849949 8357.872984402344 14798971
1626 5 8458.660568922758 8466.060054825612 3699742
1747 0 8469.77164436234 8477.171130265193 3699742
1636 0 8483.967443180834 8491.366929083688 14798971
1649 0 8491.52792151825 8498.927407421104 7399485
150 0 8507.814818526153 8515.214304429006 3699742
139 0 8515.312727925382 8522.712213828236 7399485
1659 6 8526.328516185731 8533.728002088585 3699742
172 0 8537.369768108903 8544.769254011757 14798971
648 0 8547.562066346407 8554.96155224926 14798971
636 0 8555.071043175587 8562.47052907844 7399485
892 7 8565.415906405095 8572.815392307948 7399485
1243 7 8573.97696921843 8581.376455121284 3699742
479 0 8586.980179515213 8594.379665418066 7399485
846 0 8597.851989121986 8605.25147502484 3699742
834 0 8605.251986696461 8612.651472599315 7399485
920 0 8614.23135887393 8621.630844776784 14798971
909 0 8621.68263714607 8629.082123048924 14798971
784 0 8629.406768656681 8636.806254559535 14798971
2126 0 8642.802070268051 8650.201556170905 14798971
772 0 8656.197813857758 8663.597299760611 14798971
2098 0 8669.46265813597 8676.862144038823 7399485
2140 0 8677.133328959964 8684.532814862818 3699742
685 0 8689.45578444541 8696.855270348264 3699742
2112 0 8701.646000441197 8709.04548634405 14798971
661 0 8713.907297342656 8721.306783245509 7399485
673 0 8721.381840603248 8728.781326506101 3699742
888 0 8730.329335862669 8737.728821765522 3699742
745 0 8738.191897892031 8745.591383794885 7399485
721 0 8745.647613416233 8753.047099319087 7399485
965 0 8753.393372363525 8760.792858266379 14798971
953 0 8760.843885253218 8768.243371156072 7399485
809 0 8768.856567849221 8776.256053752075 7399485
876 0 8776.854799836601 8784.254285739455 14798971
750 7 8784.289239155389 8791.688725058242 14798971
1511 0 8791.987579074295 8799.387064977149 14798971
2307 0 8799.44639109307 8806.845876995923 3699742
260 0 9718.33860296011 9725.738088862963 14798971
272 0 9725.797973757455 9733.197459660309 7399485
1903 0 13050.478119075298 13057.877604978152 7399485
1759 0 13078.954817414284 13086.354303317137 3699742
1867 0 13086.641566629512 13094.041052532366 14798971
1850 0 13094.564060368304 13101.963546271158 7399485
1884 0 13103.092036795992 13110.491522698845 14798971
1768 0 13110.66650704231 13118.065992945163 3699742
1876 0 13118.352163747588 13125.751649650441 3699742
1859 0 13126.272715502773 13133.672201405627 3699742
1893 0 13134.79631898551 13142.195804888364 3699742
1491 0 13151.99316203739 13159.392647940243 3699742
1499 0 13159.478054078785 13166.877539981639 3699742
1810 0 13171.823089045183 13179.222574948037 14798971
1828 0 13179.61512432685 13187.014610229704 3699742
1819 0 13187.292868405375 13194.692354308228 14798971
1837 0 13195.082613823895 13202.482099726749 14798971
1379 0 13334.739676862955 13342.139162765809 3699742
1386 0 13342.176338857926 13349.57582476078 14798971
