1545 0 0.0 7.399485902854087 14798971
1525 0 7.9156517386 15.315137641454086 7399485
1535 0 15.886977163555464 23.286463066409553 7399485
1899 0 1562.3907816112041 1569.7902675140583 7399485
1801 0 1595.3315572738647 1602.731043176719 3699742
1802 0 1602.764232735461 1610.1637186383152 14798971
1803 0 1610.1994855365324 1617.5989714393866 14798971
1804 0 1617.631538598336 1625.0310245011901 14798971
1845 0 1627.1177632510662 1634.5172491539204 7399485
194 0 1635.2873529360602 1642.6868388389144 14798971
1791 0 1643.536301270622 1650.9357871734762 3699742
195 0 1651.6799115920746 1659.0793974949288 7399485
1863 0 1659.8281769365426 1667.2276628393968 14798971
1854 0 1667.2764219574685 1674.6759078603227 3699742
1755 0 1674.7692420616359 1682.16872796449 3699742
1781 0 1682.1884229335485 1689.5879088364027 7399485
1786 0 1689.591419167128 1696.990905069982 14798971
1880 0 1697.0227093565804 1704.4221952594346 14798971
1795 0 1704.432186908128 1711.8316728109821 14798971
1788 0 1711.8901061239374 1719.2895920267915 14798971
1782 0 1719.2968241798317 1726.6963100826858 14798971
1888 0 1726.7038193780204 1734.1033052808746 3699742
1789 0 1734.1513408502883 1741.5508267531425 3699742
1783 0 1741.588821083953 1748.9883069868072 3699742
1799 0 1749.3094033344582 1756.7088892373124 3699742
1777 0 1757.0461530874638 1764.445638990318 7399485
1907 0 1764.831651651893 1772.2311375547472 14798971
1943 2 2601.479796677828 2608.879282580682 14798971
2012 0 2618.11840256454 2625.5178884673937 3699742
2003 0 2626.0565469421604 2633.4560328450143 14798971
1984 1 2643.4565666615963 2650.8560525644502 14798971
1993 0 2651.1115418618188 2658.5110277646727 7399485
1939 1 2662.566288649996 2669.96577455285 7399485
1696 0 2680.1194485786787 2687.5189344815326 3699742
1704 1 2690.059518639358 2697.459004542212 7399485
2023 0 2712.4620334048714 2719.8615193077253 7399485
583 0 2744.3657228191096 2751.7652087219635 14798971
515 0 2765.5518263399044 2772.9513122427584 7399485
594 0 2786.7639966024212 2794.163482505275 7399485
1990 1 2831.198827415256 2838.59831331811 3699742
560 0 2872.9735209179407 2880.3730068207947 14798971
1250 0 2885.021759616009 2892.421245518863 3699742
1280 0 2892.5683830371154 2899.9678689399693 3699742
605 0 2907.2055988866537 2914.6050847895076 7399485
803 0 2920.795084986722 2928.194570889576 7399485
914 0 2929.340838798662 2936.740324701516 14798971
2313 0 2946.5880772741025 2953.9875631769564 3699742
754 0 2963.5391267401437 2970.9386126429977 3699742
959 0 3000.4853374401414 3007.8848233429953 14798971
766 0 3008.9499518194098 3016.3494377222637 14798971
1506 0 3019.031160648555 3026.430646551409 14798971
716 0 3028.263980361422 3035.663466264276 7399485
816 0 3037.3224402129126 3044.7219261157666 14798971
144 0 3047.534705333902 3054.934191236756 3699742
840 0 3057.6447685358135 3065.0442544386674 3699742
852 0 3065.0485971870266 3072.4480830898806 14798971
656 0 3073.1303312631885 3080.5298171660424 7399485
459 0 3083.4314739960623 3090.8309598989163 3699742
642 0 3091.220631078343 3098.620116981197 14798971
474 0 3099.0707670497673 3106.470252952621 7399485
1658 0 3079.7030404282023 3087.102526331056 7399485
2147 0 3101.3417042791843 3108.7411901820383 14798971
2148 0 3108.7520780736863 3116.1515639765403 3699742
1526 0 5559.217992812395 5566.6174787152495 7399485
1546 0 5574.233178317547 5581.632664220401 14798971
1536 0 5581.664134040037 5589.063619942892 7399485
125 0 5682.322199076414 5689.7216849792685 7399485
114 0 5689.7667961991265 5697.166282101981 3699742
1664 2 8662.845846384764 8670.245332287617 3699742
1665 2 8670.247250795099 8677.646736697952 7399485
1670 0 8677.713544877595 8685.113030780449 3699742
1661 2 8685.13233031523 8692.531816218083 14798971
1679 0 8692.552684643299 8699.952170546152 3699742
1688 0 8700.017791538856 8707.41727744171 14798971
1663 2 8707.43626507053 8714.835750973383 14798971
1697 0 8714.856083130708 8722.255569033561 3699742
1666 2 8723.80086633563 8731.200352238484 7399485
1667 2 8731.200399692643 8738.599885595497 7399485
1705 2 8738.633984145677 8746.033470048531 7399485
2048 0 8746.114389718465 8753.513875621318 7399485
2057 0 8753.514325912387 8760.91381181524 3699742
1988 2 8769.153300017118 8776.552785919972 3699742
1982 2 8779.092682749033 8786.492168651886 14798971
1991 2 8786.493563362188 8793.893049265042 14798971
1983 2 8793.893243234315 8801.292729137169 3699742
1178 0 8892.973224520683 8900.372710423537 7399485
1191 0 8900.378465222628 8907.777951125481 14798971
126 0 11442.673192858696 11450.07267876155 7399485
115 0 11450.106368642162 11457.505854545016 3699742
39 0 11491.155083212623 11498.554569115477 7399485
17 0 11499.058227848891 11506.457713751744 14798971
28 0 11507.126119760067 11514.52560566292 7399485
6 0 11515.030688458808 11522.430174361662 3699742
66 0 11545.100579003029 11552.500064905882 7399485
90 0 11552.951664028278 11560.351149931132 3699742
54 0 11560.694709339854 11568.094195242707 3699742
78 0 11568.54274173536 11575.942227638214 3699742
229 0 13498.76883494854 13506.168320851393 14798971
223 0 13506.545950562715 13513.945436465568 14798971
237 0 13519.413569456365 13526.813055359218 14798971
235 0 13527.030925324027 13534.43041122688 3699742
238 0 13534.683450073888 13542.082935976741 7399485
222 0 13547.001037051887 13554.40052295474 3699742
236 0 13559.099478109105 13566.498964011958 14798971
216 0 13569.082109666693 13576.481595569547 3699742
214 0 13578.904699615909 13586.304185518762 14798971
239 0 13586.512090690949 13593.911576593802 7399485
215 0 13594.152982775247 13601.552468678101 7399485
240 0 13601.761657083256 13609.16114298611 3699742
208 0 13612.022642723872 13619.422128626726 7399485
196 0 13621.877247206721 13629.276733109575 7399485
202 0 13629.307232300116 13636.70671820297 7399485
242 0 13843.41222307086 13850.811708973713 14798971
