1201 0 514.9078809916973 522.3073668945514
207 0 1713.7014391720295 1721.1009250748837
201 0 1721.1405057599482 1728.5399916628023
213 0 1747.6023574769497 1755.0018433798039
221 0 1756.402704409413 1763.8021903122672
228 0 1769.5264097194529 1776.925895622307
234 0 1777.0509393431869 1784.450425246041
2432 0 1889.3073615431786 1896.7068474460327
2420 0 1897.2478287167833 1904.6473146196374
2426 0 1905.320499684419 1912.7199855872732
2414 0 1913.2579764422742 1920.6574623451284
14 0 3729.3832577466965 3736.7827436495504
36 0 3736.9070118839095 3744.3064977867634
25 0 3744.370464094561 3751.769949997415
47 0 3751.89317200643 3759.292657909284
61 0 3761.626280034512 3769.025765937366
85 0 3769.0888872463725 3776.4883731492264
73 0 3776.5117372325763 3783.91122313543
97 0 3783.9737075482644 3791.3731934511184
109 0 3843.9899576983416 3851.3894436011956
1602 0 4535.888170033693 4543.287655936548
1614 0 4543.599503387734 4550.998989290589
1608 0 4551.252349601101 4558.651835503955
1620 0 4558.961744657842 4566.361230560697
346 0 4666.368472546339 4673.767958449193
332 0 4674.424811588902 4681.824297491757
353 0 4682.628550077116 4690.028035979971
339 0 4690.682894500752 4698.082380403606
2165 0 4717.3146651447305 4724.714151047585
2199 0 4724.804864009537 4732.204349912391
2205 0 4732.467770718802 4739.867256621656
440 0 4743.563968615028 4750.963454517882
2223 0 4756.4475171581535 4763.847003061008
2235 0 4763.847003061008 4771.246488963862
2171 0 4771.309752749106 4778.709238651961
2229 0 4778.740475009403 4786.139960912257
2241 0 4786.139960912257 4793.539446815112
2211 0 4793.835730610014 4801.235216512869
2177 0 4801.46866670297 4808.868152605824
2217 0 4809.131704928782 4816.531190831636
2184 0 4818.494755151968 4825.8942410548225
2191 0 4826.138657051782 4833.538142954636
322 0 4871.115690681092 4878.515176583946
313 0 4878.973267308675 4886.372753211529
360 0 4926.837666128404 4934.237152031258
374 0 4934.403566583427 4941.803052486282
367 0 4941.946512391679 4949.345998294533
381 0 4949.511519755168 4956.911005658022
416 0 4956.985637144706 4964.38512304756
423 0 4964.40660090021 4971.806086803064
388 0 4972.320626822355 4979.720112725209
402 0 4979.883243320787 4987.282729223642
395 0 4987.424813122128 4994.824299024983
409 0 4994.986551202584 5002.386037105439
303 0 5006.754271790368 5014.153757693222
1919 0 5062.090971291065 5069.49045719392
3087 0 6582.951496839523 6590.350982742378
2884 0 6599.111024200916 6606.510510103771
2866 0 6606.811712396925 6614.211198299779
2875 0 6614.573740782168 6621.973226685022
2857 0 6622.276595241824 6629.676081144678
3399 0 6630.962869214574 6638.362355117429
289 8 6645.394786927398 6652.794272830252
253 0 6652.9778182746895 6660.377304177544
3016 0 6664.970595240632 6672.3700811434865
2996 0 6672.584275774599 6679.983761677453
3006 0 6680.2317460361155 6687.63123193897
2986 0 6687.846779974394 6695.246265877248
2458 0 6696.679390839008 6704.078876741863
2449 0 6704.103446117134 6711.502932019988
2654 0 6712.143404046386 6719.542889949241
2636 0 6719.709060314512 6727.108546217366
2645 0 6727.295932501842 6734.695418404696
2627 0 6734.862517992162 6742.262003895016
3128 8 6745.4897615502205 6752.889247453075
3255 8 6753.69357311651 6761.093059019365
3065 0 6762.010220611091 6769.409706513946
3056 0 6769.500715673435 6776.900201576289
2568 0 6777.477793709052 6784.8772796119065
2558 0 6784.952115722765 6792.351601625619
3415 0 6817.969999462366 6825.3694853652205
3407 0 6825.379881421161 6832.779367324016
3047 0 6902.086571007967 6909.486056910821
3345 0 6934.6686027646065 6942.068088667461
3337 0 6942.08008334548 6949.479569248334
3329 0 6949.6003999859695 6956.999885888824
3321 0 6957.011368041406 6964.41085394426
110 0 9754.87412622571 9762.273612128563
1155 0 10548.35012692213 10555.749612824984
1162 0 10555.783837043515 10563.183322946368
1141 0 10563.34269470818 10570.742180611034
1148 0 10570.775551540448 10578.175037443301
1030 0 10609.11122879386 10616.510714696713
1037 0 10616.622300275785 10624.021786178639
979 0 10644.193527368448 10651.593013271302
987 0 10651.745565944862 10659.145051847716
1107 0 10760.297402203083 10767.696888105937
1099 0 10767.792382373014 10775.191868275868
1087 0 10775.464239230818 10782.863725133671
1079 0 10782.950223563223 10790.349709466076
1057 0 10796.413146856634 10803.812632759487
1048 0 10804.038461647642 10811.437947550496
1013 0 10817.401219626712 10824.800705529566
1021 0 10824.8311324894 10832.230618392254
997 0 10832.341281177793 10839.740767080646
1005 0 10839.770546298894 10847.170032201748
1586 0 10850.91903928185 10858.318525184703
1594 0 10858.384488112455 10865.783974015309
1570 0 10866.010931574496 10873.41041747735
1578 0 10873.475116588523 10880.874602491376
1363 0 10947.818500369787 10955.21798627264
1341 0 10955.590567939667 10962.99005384252
1374 0 10963.523636375256 10970.923122278109
1352 0 10971.297440178552 10978.696926081406
2951 0 12437.689686626196 12445.08917252905
2941 0 12445.442359946288 12452.841845849141
2745 0 12487.343443363905 12494.742929266758
2830 0 12495.192179166203 12502.591665069056
2735 0 12503.222727556786 12510.62221345964
2820 0 12511.071486304878 12518.470972207731
2965 0 12519.20677258328 12526.606258486134
3436 0 12533.639630911604 12541.039116814458
3400 0 12556.661817110582 12564.061303013435
2867 0 12564.355160284156 12571.75464618701
3057 0 12578.358605485839 12585.758091388692
2858 0 12592.412465507981 12599.811951410835
3389 0 12622.91507118566 12630.314557088514
3173 0 12641.883898119564 12649.283384022418
3153 0 12649.817944396365 12657.217430299219
3380 0 12669.498141167764 12676.897627070617
3362 0 12677.437015002282 12684.836500905136
3143 0 12696.43147185127 12703.830957754124
2459 0 12737.240783601468 12744.640269504322
2450 0 12744.703598836031 12752.103084738885
2628 0 12752.570117258741 12759.969603161595
2646 0 12760.09435175961 12767.493837662463
3196 0 12790.10483730651 12797.504323209363
2908 0 12802.25080682132 12809.650292724173
2926 0 12810.034146180298 12817.433632083152
2794 0 12834.673404190611 12842.072890093465
2776 0 12842.679761856902 12850.079247759755
2693 0 12870.595449679062 12877.994935581915
2685 0 12878.11080431681 12885.510290219663
3416 0 12891.50312638473 12898.902612287584
3408 0 12898.973933320203 12906.373419223057
2619 0 12959.845671827088 12967.245157729942
2609 0 12959.85399893532 12967.253484838173
2810 0 13013.604951875865 13021.004437778718
2802 0 13021.123832701653 13028.523318604506
2673 0 13032.041807239511 13039.441293142365
2665 0 13039.53581881995 13046.935304722803
3330 0 13051.252536927574 13058.652022830427
3346 0 13058.804559115491 13066.204045018345
3322 0 13066.298686256478 13073.698172159331
3338 0 13073.849523629951 13081.249009532805
1448 0 13127.38569997433 13134.785185877183
1440 0 13135.146819082489 13142.546304985342
1428 0 13150.204817754842 13157.604303657696
1476 0 13173.03010307146 13180.429588974313
1462 0 13180.992920099894 13188.392406002748
1469 0 13189.073191510872 13196.472677413725
1455 0 13197.039159380487 13204.43864528334
1415 0 13214.008702753277 13221.40818865613
1408 0 13221.70853674233 13229.108022645183
