372 0 0.0 7.399485902854087 14798971
365 0 7.52590477304031 14.925390675894397 7399485
2182 0 17.883442166018718 25.282928068872806 7399485
1302 0 77.74504397196222 85.1445298748163 3699742
400 0 132.9400831770898 140.33956907994389 3699742
1319 0 187.4830440909567 194.88252999381078 7399485
386 0 242.24664229850555 249.64612820135963 3699742
1314 0 296.9812408546767 304.3807267575308 14798971
1918 0 336.06696691317455 343.46645281602866 7399485
1924 0 343.9915679242449 351.39105382709903 7399485
407 0 367.250570768821 374.6500566716751 7399485
393 0 374.8723571062698 382.2718430091239 3699742
301 0 384.7398649382954 392.1393508411495 14798971
206 0 2748.138723015785 2755.538208918639 7399485
200 0 2755.5535861884273 2762.9530720912812 7399485
212 0 2765.7238580286503 2773.123343931504 7399485
220 0 2776.5262258946896 2783.9257117975435 3699742
2419 0 2880.2071945667267 2887.6066804695806 3699742
2431 0 2887.9394821163946 2895.3389680192486 7399485
2413 0 2895.6074559134145 2903.0069418162684 7399485
2425 0 2903.3374722313883 2910.7369581342423 14798971
108 0 4769.885124355555 4777.284610258409 14798971
13 0 4821.6245449879425 4829.024030890797 3699742
35 0 4829.094374869809 4836.4938607726635 7399485
24 0 4836.5248349931635 4843.924320896018 14798971
46 0 4843.9939965122385 4851.393482415093 7399485
1601 0 5559.94339171052 5567.342877613374 7399485
1613 0 5567.49432364013 5574.893809542984 14798971
1607 0 5575.019902577458 5582.419388480313 3699742
1619 0 5582.569995005899 5589.969480908753 14798971
331 0 5654.397588908672 5661.797074811527 7399485
345 0 5662.211912852238 5669.6113987550925 7399485
338 0 5669.945233209132 5677.344719111987 7399485
352 0 5677.756933816112 5685.156419718966 3699742
2164 0 5698.752467423677 5706.151953326532 14798971
2198 0 5706.206429981029 5713.605915883883 3699742
439 0 5715.388360910809 5722.787846813663 3699742
2204 0 5724.703241514466 5732.10272741732 14798971
2183 0 5756.971437066793 5764.370922969648 7399485
2190 0 5764.496594006032 5771.896079908886 7399485
2222 0 5772.625868876731 5780.0253547795855 7399485
2234 0 5780.0253547795855 5787.42484068244 3699742
321 0 5816.051672321974 5823.451158224829 3699742
312 0 5824.081474332988 5831.480960235843 3699742
2170 0 5860.768118975387 5868.167604878241 14798971
2240 0 5868.185173480005 5875.584659382859 14798971
2228 0 5875.584659382859 5882.984145285714 14798971
2176 0 5883.013960300398 5890.4134462032525 14798971
2210 0 5890.538058952866 5897.93754485572 7399485
2216 0 5897.949164042558 5905.348649945412 3699742
359 0 5905.606894748393 5913.006380651247 3699742
366 0 5913.014331496995 5920.413817399849 7399485
373 0 5920.494163987351 5927.893649890206 14798971
380 0 5927.9012261387015 5935.300712041556 7399485
415 0 5935.371386960697 5942.770872863552 3699742
422 0 5942.778013834589 5950.177499737443 3699742
387 0 5950.59427769194 5957.9937635947945 3699742
394 0 5958.000026967655 5965.399512870509 3699742
401 0 5965.483555157393 5972.883041060248 3699742
408 0 5972.888936909566 5980.28842281242 7399485
302 0 5982.890279124719 5990.289765027574 14798971
3086 0 7551.762289017439 7559.161774920293 14798971
2883 0 7565.679458320141 7573.078944222995 14798971
2865 0 7573.555865299133 7580.9553512019875 14798971
2874 0 7581.562566496287 7588.962052399142 3699742
3398 0 7591.511204195449 7598.910690098303 3699742
251 0 7611.523713003875 7618.923198906729 14798971
3014 0 7627.296637933666 7634.69612383652 3699742
2994 0 7635.06910714994 7642.468593052794 7399485
3004 0 7642.9255401173405 7650.325026020195 7399485
2984 0 7650.700713109188 7658.100199012042 14798971
2456 0 7660.5207735902695 7667.920259493124 7399485
2447 0 7667.985075725956 7675.384561628811 3699742
2652 0 7676.517114618742 7683.916600521597 3699742
2643 0 7683.974021176134 7691.373507078988 3699742
2625 0 7691.6730405480785 7699.072526450933 7399485
3127 6 7705.16584342395 7712.565329326804 3699742
3063 0 7713.066736569738 7720.466222472593 7399485
3054 0 7720.627780428092 7728.027266330946 14798971
2566 0 7729.090287097004 7736.489772999858 14798971
2556 0 7736.62149342486 7744.0209793277145 3699742
2498 0 7745.923072772635 7753.32255867549 3699742
2524 4 7758.168778682136 7765.56826458499 7399485
2489 0 7770.4106377269345 7777.810123629789 14798971
2480 0 7777.899388124219 7785.298874027073 3699742
3312 7 7786.030111492374 7793.4295973952285 3699742
2471 0 7794.1643483093085 7801.563834212163 14798971
3434 0 7801.5909660012185 7808.990451904073 3699742
3425 0 7809.07363413116 7816.473120034015 3699742
3073 4 7821.69579770376 7829.095283606614 14798971
3413 0 7829.588058124585 7836.987544027439 3699742
3405 0 7837.018485232823 7844.417971135677 3699742
3347 5 7845.951434568759 7853.350920471614 14798971
2743 0 7857.311647680538 7864.711133583392 3699742
2733 0 7864.711690837058 7872.1111767399125 7399485
2828 0 7872.166433634082 7879.565919536936 3699742
2818 0 7879.566641254473 7886.966127157328 14798971
2963 0 7886.992321568473 7894.391807471327 14798971
3045 0 7896.955070311277 7904.354556214132 3699742
2435 5 7904.655418287994 7912.054904190848 14798971
2691 0 7912.855049378317 7920.254535281171 14798971
2683 0 7920.264207736678 7927.6636936395325 7399485
2924 0 7928.264058480077 7935.663544382932 3699742
2915 0 7935.670049743807 7943.069535646661 3699742
2906 0 7943.1668692612175 7950.566355164072 14798971
2897 0 7950.57248270694 7957.971968609794 3699742
2671 0 7959.347369362709 7966.746855265564 14798971
2663 0 7966.761139495175 7974.160625398029 7399485
3212 0 7976.181381130342 7983.580867033196 14798971
3203 0 7983.583860481266 7990.9833463841205 14798971
2532 0 7991.6417421246915 7999.041228027546 3699742
3185 0 7999.771963737515 8007.171449640369 14798971
3343 0 8012.18149584187 8019.580981744724 7399485
3327 0 8019.791329671311 8027.190815574166 7399485
3335 0 8027.433858073111 8034.833343975965 7399485
3319 0 8035.044930947498 8042.444416850352 14798971
3351 6 8046.865677456662 8054.265163359516 7399485
3350 6 8054.270969436474 8061.670455339328 7399485
2808 0 8062.0448952915285 8069.444381194383 3699742
2800 0 8069.452523595518 8076.852009498372 7399485
2503 5 8077.044929374495 8084.444415277349 3699742
1154 0 11464.544584065676 11471.94406996853 14798971
1140 0 11472.201460783364 11479.600946686218 3699742
1161 0 11479.923365171542 11487.322851074396 7399485
1147 0 11487.581948652249 11494.981434555102 7399485
1029 0 11571.111235588789 11578.510721491642 3699742
1036 0 11578.668762129333 11586.068248032187 14798971
1130 0 11609.638266269192 11617.037752172046 3699742
978 0 11661.094278759867 11668.49376466272 14798971
986 0 11668.578851894083 11675.978337796936 3699742
1086 0 11718.698496266496 11726.097982169349 7399485
1106 0 11726.783606692929 11734.183092595782 3699742
1078 0 11735.03719131984 11742.436677222693 7399485
1098 0 11743.104847179693 11750.504333082547 14798971
1012 0 11751.44750322932 11758.846989132173 3699742
1020 0 11758.899085407704 11766.298571310557 7399485
996 0 11766.506022414314 11773.905508317168 3699742
1004 0 11773.956460315918 11781.355946218771 7399485
1056 0 11792.67761769596 11800.077103598813 3699742
1047 0 11800.49686317354 11807.896349076393 7399485
1585 0 11812.232293827472 11819.631779730325 3699742
1569 0 11819.933682580875 11827.333168483729 14798971
1593 0 11827.741777239633 11835.141263142486 7399485
1577 0 11835.445179610315 11842.844665513168 14798971
1562 0 11856.229091703892 11863.628577606745 7399485
1362 0 11915.926809489727 11923.32629539258 14798971
1340 0 11923.83594238591 11931.235428288763 7399485
1373 0 11931.92436807907 11939.323853981923 7399485
1351 0 11939.832863143696 11947.23234904655 3699742
2950 0 13409.34291818738 13416.742404090233 3699742
2940 0 13417.225479506016 13424.62496540887 7399485
252 0 13456.793532043695 13464.193017946549 14798971
2744 0 13474.130224602062 13481.529710504916 3699742
2829 0 13481.835704662515 13489.235190565369 3699742
2734 0 13489.690925023046 13497.090410925899 7399485
2819 0 13497.394731665903 13504.794217568757 14798971
2499 0 13510.187657562448 13517.587143465302 3699742
3435 0 13517.81437327422 13525.213859177073 3699742
2472 0 13525.305168327679 13532.704654230532 14798971
2490 0 13532.952222883425 13540.351708786278 14798971
3172 0 13554.158950959056 13561.55843686191 7399485
3152 0 13562.073163595825 13569.472649498679 14798971
3142 0 13569.648918758092 13577.048404660945 3699742
3388 0 13586.54742252579 13593.946908428643 7399485
3055 0 13603.624099477622 13611.023585380475 14798971
2598 0 13661.890801770001 13669.290287672855 14798971
3204 0 13714.889540147306 13722.289026050159 14798971
2644 0 13730.258011726837 13737.65749762969 3699742
2793 0 13753.635817493758 13761.035303396611 7399485
2916 0 13771.738054434685 13779.137540337539 3699742
2533 0 13779.569420640628 13786.968906543481 3699742
3406 0 13791.305068462658 13798.704554365511 3699742
3289 0 13856.774877023568 13864.174362926422 14798971
3279 0 13864.248628260384 13871.648114163238 3699742
3269 0 13871.649337845969 13879.048823748823 14798971
2672 0 13935.416376634645 13942.815862537498 14798971
2664 0 13942.873960840972 13950.273446743826 7399485
3328 0 13952.683704401574 13960.083190304427 7399485
3344 0 13960.163821132128 13967.563307034981 7399485
3320 0 13967.608820338683 13975.008306241536 14798971
3336 0 13975.088243939326 13982.48772984218 7399485
1414 0 14023.239286844348 14030.638772747201 14798971
1407 0 14031.209847500491 14038.609333403345 3699742
1475 0 14054.90036545769 14062.299851360543 7399485
1461 0 14062.982841773757 14070.38232767661 3699742
1468 0 14071.22541604535 14078.624901948204 3699742
1454 0 14079.30735266941 14086.706838572263 7399485
