1136 0 873.0949387550354 880.4944246578895
1150 0 880.7354163661482 888.1349022690023
1143 0 888.3310463587542 895.7305322616082
1157 0 895.9700628600684 903.3695487629225
1058 0 918.7142317295074 926.1137176323615
1126 0 936.2621612528408 943.6616471556948
1059 0 953.8376402643097 961.2371261671638
1074 0 1023.6348398923874 1031.0343257952416
1082 0 1031.4190867489658 1038.81857265182
992 0 1040.5475800461543 1047.9470659490084
1008 0 1048.3646318740205 1055.7641177768746
1094 0 1057.906971940311 1065.3064578431652
1102 0 1065.6566328121323 1073.0561187149865
1000 0 1075.8851361206353 1083.2846220234894
1016 0 1083.6995536765369 1091.099039579391
1558 0 1108.868943244429 1116.268429147283
1112 0 1145.6601466272257 1153.0596325300799
1113 0 1153.148702462184 1160.5481883650382
1024 0 1160.8509676276865 1168.2504535305407
1031 0 1168.2596032706324 1175.6590891734866
1116 0 1176.2552873613708 1183.654773264225
1117 0 1183.7472672522636 1191.1467531551177
1564 0 1196.7978002009982 1204.1972861038523
1108 0 1209.6578450398463 1217.0573309427004
1580 0 1222.292543845605 1229.6920297484592
1572 0 1229.8815410976504 1237.2810270005045
1588 0 1237.5050276986951 1244.9045136015493
1109 0 1250.198348550632 1257.5978344534863
1041 0 1260.454368394547 1267.853854297401
1050 0 1268.0123379112476 1275.4118238141018
1332 0 1415.6796930730343 1423.0791789758885
1354 0 1423.1869538729177 1430.5864397757719
1343 0 1430.6866372292416 1438.0861231320957
1365 0 1438.193414248451 1445.5929001513052
273 0 2808.446215301752 2815.845701204606
261 0 2816.1325393250395 2823.5320252278934
2934 0 2866.923185745455 2874.322671648309
2944 0 2874.441308966798 2881.8407948696517
3294 0 2962.65581664443 2970.055302547284
3284 0 2970.2109142014433 2977.6104001042972
2614 0 2998.726839064437 3006.126324967291
2594 0 3006.4858555601795 3013.8853414630335
2604 0 3014.388066664281 3021.7875525671348
2584 0 3022.145049705052 3029.544535607906
3019 0 3042.088270686302 3049.487756589156
3028 0 3049.563782505022 3056.963268407876
3145 0 3057.435519288008 3064.835005190862
3165 0 3064.899884310038 3072.299370212892
3155 0 3072.3406154287522 3079.740101331606
3114 0 3080.757984254022 3088.157470156876
3225 0 3115.291346538759 3122.690832441613
2516 0 3142.341263406425 3149.7407493092787
2973 0 3150.08559883178 3157.485084734634
2722 0 3184.493513614492 3191.8929995173457
2706 0 3192.448991584671 3199.848477487525
2698 0 3200.011798780528 3207.411284683382
2543 1 3228.3907012110035 3235.7901871138574
2753 1 3236.401382186436 3243.80086808929
2575 1 3243.8984920067533 3251.297977909607
2752 1 3251.354622338235 3258.754108241089
2522 1 3259.523664814195 3266.923150717049
2754 1 3267.6105634742057 3275.0100493770597
3220 1 3275.1288951532442 3282.528381056098
1424 0 3288.070972072024 3295.4704579748777
3219 1 3301.050468081614 3308.449953984468
1434 0 3308.7963878347214 3316.1958737375753
1442 0 3316.2898837900084 3323.6893696928623
1403 0 3333.641595721245 3341.0410816240988
1410 0 3341.1489396852044 3348.5484255880583
1419 1 3349.1514303931763 3356.55091629603
1420 1 3356.7133218234826 3364.1128077263365
1214 0 7149.76246881485 7157.161954717704
1227 0 7159.284269250374 7166.683755153228
1236 0 7166.82041502819 7174.219900931044
489 0 7195.838200032711 7203.237685935565
497 0 7203.304486048836 7210.703971951691
2249 0 7273.632408857346 7281.0318947602
2275 0 7318.495433062315 7325.894918965169
2257 0 7326.129586887409 7333.529072790263
2284 0 7333.875610156728 7341.275096059582
2266 0 7341.511517035481 7348.9110029383355
1710 0 7390.285224944353 7397.6847108472075
1720 0 7397.789837852399 7405.189323755253
1754 6 7518.370898813009 7525.770384715864
1637 0 7529.184007695583 7536.583493598438
1650 0 7536.705248963259 7544.104734866113
1748 0 7548.841053808152 7556.240539711006
1737 0 7556.323122090296 7563.722607993151
179 7 7564.133082197646 7571.532568100501
178 7 7571.543957919038 7578.943443821892
151 0 7579.701085333307 7587.100571236161
140 0 7587.162092983088 7594.561578885942
173 0 7594.59704647757 7601.9965323804245
162 0 7602.055398550355 7609.454884453209
458 7 7609.6705063833415 7617.069992286196
649 0 7618.160685545904 7625.560171448758
637 0 7625.631896317555 7633.03138222041
480 0 7638.5813020169735 7645.980787919828
467 0 7646.062137196213 7653.461623099068
2141 0 7657.956793606281 7665.356279509136
2113 0 7665.446943513036 7672.84642941589
859 0 7676.304841736638 7683.7043276394925
847 0 7683.761811697612 7691.161297600466
835 0 7691.168911783431 7698.568397686286
823 0 7698.625250485333 7706.024736388187
698 0 7706.1006042743875 7713.500090177242
686 0 7713.558107690887 7720.957593593741
674 0 7720.967556108041 7728.367042010896
662 0 7728.42443927413 7735.823925176985
797 0 7736.644854609991 7744.044340512845
746 0 7744.140636155875 7751.540122058729
734 0 7751.585327180632 7758.984813083486
761 0 7785.392722822435 7792.792208725289
710 0 7819.236731932424 7826.636217835278
262 0 8709.747192561626 8717.14667846448
274 0 8717.239247453084 8724.638733355938
1904 0 12075.677317649126 12083.07680355198
1492 0 12105.74388666672 12113.143372569573
1500 0 12113.281471195407 12120.68095709826
1760 0 12136.922047296192 12144.321533199045
1868 0 12144.680280406317 12152.07976630917
1885 0 12152.828103157151 12160.227589060005
1851 0 12161.6106594279 12169.010145330754
1769 0 12170.156060200328 12177.555546103182
1877 0 12177.915318082813 12185.314803985666
1894 0 12186.065192091932 12193.464677994785
1860 0 12194.851733750755 12202.251219653608
1829 0 12211.042754365293 12218.442240268147
1811 0 12219.077177183966 12226.47666308682
1838 0 12227.270164695663 12234.669650598516
1820 0 12235.304057075295 12242.703542978148
1380 0 12307.332916885614 12314.732402788468
1387 0 12314.801138093682 12322.200623996536
490 0 13099.703893780708 13107.103379683562
498 0 13107.114065937832 13114.513551840686
1290 8 13212.918499857187 13220.31798576004
2258 0 13259.04608604312 13266.445571945973
2276 0 13266.539356866264 13273.938842769117
2267 0 13274.027259707444 13281.426745610297
2285 0 13281.52014650767 13288.919632410523
1276 0 13324.270813323565 13331.670299226418
1969 0 13348.788653778984 13356.188139681837
1711 0 13406.802025837142 13414.201511739995
141 0 13429.094953355403 13436.494439258257
2044 0 13475.174977934794 13482.574463837647
1749 0 13526.388770905909 13533.788256808763
174 0 13540.425912499408 13547.825398402261
810 0 13566.052486429006 13573.451972331859
543 0 13589.97989287328 13597.379378776133
554 0 13597.471131053464 13604.870616956317
521 0 13605.112735800622 13612.512221703475
1932 0 13616.093719701326 13623.49320560418
1961 0 13631.149258298772 13638.548744201626
622 0 13649.213539395088 13656.613025297942
735 0 13669.922229386511 13677.321715289365
638 0 13692.712278441073 13700.111764343927
848 0 13708.64858719906 13716.048073101914
860 0 13716.229350769447 13723.6288366723
1638 0 13743.932896241202 13751.332382144055
687 0 13773.40566929013 13780.805155192984
2320 0 13800.4971881409 13807.896674043754
2356 0 13808.28517213024 13815.684658033093
481 0 13845.84370041022 13853.243186313073
468 0 13853.572566508423 13860.972052411276
2372 0 13885.678056466459 13893.077542369312
2128 0 13926.149435531514 13933.548921434367
2100 0 13933.853957149757 13941.25344305261
2308 0 13969.678622689036 13977.07810859189
