1824 0 0.0 7.399485902854087 3699742
1815 0 7.543895404421728 14.943381307275814 14798971
3451 0 18.48279516424861 25.882281067102696 3699742
3452 0 26.009503408395517 33.408989311249606 7399485
1976 0 691.654807806015 699.0542937088691 3699742
2014 0 712.9602234278988 720.3597093307528 3699742
2005 0 720.5625498336922 727.9620357365462 14798971
1928 0 729.9724127466192 737.3718986494732 14798971
1272 0 773.4537826415752 780.8532685444293 7399485
528 0 808.2771496375871 815.6766355404411 14798971
1700 0 830.4489525992102 837.8484385020643 3699742
805 0 878.2215693743947 885.6210552772487 7399485
884 0 973.4023566105669 980.801842513421 3699742
2060 0 1022.005429807395 1029.404915710249 3699742
768 0 1071.432722785866 1078.8322086887201 14798971
950 0 1081.607248708349 1089.0067346112032 7399485
730 0 1090.426451671446 1097.8259375743003 14798971
718 0 1098.0548016805235 1105.4542875833777 7399485
2351 0 1122.07208922016 1129.4715751230142 14798971
842 0 1150.5945324227098 1157.994018325564 3699742
682 0 1159.1542878340192 1166.5537737368734 3699742
694 0 1166.622058829526 1174.02154473238 14798971
632 0 1179.472113040012 1186.871598942866 7399485
644 0 1187.0391714415628 1194.438657344417 14798971
1625 1 1199.000485362572 1206.399971265426 14798971
1181 0 1253.9240950714302 1261.3235809742844 7399485
1631 0 1223.7596691214508 1231.159155024305 14798971
1628 1 1232.266642502154 1239.666128405008 7399485
1629 1 1239.7555877484074 1247.1550736512615 14798971
1622 1 1247.3687347078217 1254.7682206106758 7399485
1624 1 1254.8584325374454 1262.2579184402996 7399485
2094 0 1266.9315879077774 1274.3310738106316 7399485
2122 0 1274.4866194807005 1281.8861053835546 14798971
2108 0 1282.0140845282472 1289.4135704311013 14798971
2136 0 1289.5679541731636 1296.9674400760177 3699742
511 0 1303.6311097259331 1311.0305956287873 14798971
512 0 1311.04149824801 1318.440984150864 14798971
1528 0 3574.744179457426 3582.14366536028 7399485
1548 0 3584.7518171668053 3592.151303069659 14798971
1538 0 3592.3031296869913 3599.702615589845 7399485
1674 0 6580.624542146921 6588.024028049776 3699742
1692 0 6588.2344279202625 6595.633913823117 14798971
1683 0 6595.811636773024 6603.211122675878 3699742
1701 0 6603.4202394487875 6610.819725351642 3699742
2006 0 6616.833424627781 6624.232910530635 14798971
2015 0 6624.335034792359 6631.734520695213 3699742
2052 0 6637.672900527716 6645.07238643057 7399485
2061 0 6645.097724245794 6652.497210148648 3699742
1997 0 6656.3322763095375 6663.731762212392 7399485
1985 4 6663.815547080063 6671.215032982917 3699742
1950 0 6671.31070032615 6678.710186229005 7399485
1958 0 6678.716023271748 6686.115509174602 3699742
1935 4 6686.282240102293 6693.6817260051475 7399485
1929 0 6693.693070411969 6701.092556314823 14798971
1941 4 6701.100160327119 6708.499646229973 7399485
1936 4 6708.513548495183 6715.913034398038 14798971
1938 4 6716.003956252878 6723.403442155733 7399485
2027 0 6723.718513777242 6731.117999680097 7399485
2069 0 6731.691461704627 6739.090947607481 14798971
2079 0 6739.093284949799 6746.492770852654 7399485
2041 0 6747.459183093964 6754.858668996819 14798971
1987 5 6755.41481572681 6762.814301629664 14798971
518 0 6799.27773681283 6806.677222715684 7399485
529 0 6806.678905662474 6814.078391565328 14798971
540 0 6814.1389849873385 6821.538470890193 14798971
551 0 6821.540319197732 6828.939805100586 3699742
1182 0 6833.408777792716 6840.8082636955705 7399485
1195 0 6840.820683706529 6848.220169609383 14798971
2408 5 6874.814282655716 6882.21376855857 3699742
2396 5 6882.681641527487 6890.081127430341 7399485
2390 5 6890.70121250733 6898.100698410184 7399485
2391 5 6898.105148996588 6905.504634899442 3699742
2368 0 6905.869179150329 6913.268665053183 14798971
2393 5 6913.689175335165 6921.088661238019 3699742
2380 0 6921.448679316881 6928.848165219735 7399485
2398 5 6929.359015792881 6936.7585016957355 3699742
2399 5 6937.482836738998 6944.882322641853 7399485
2400 5 6944.943954336514 6952.343440239369 3699742
2394 5 6952.9608852781275 6960.360371180982 7399485
2401 5 6960.527188156933 6967.926674059788 3699742
2395 5 6968.145867228247 6975.545353131101 14798971
2316 0 6975.779835891056 6983.17932179391 3699742
2360 5 6983.198643887794 6990.598129790648 3699742
2328 0 6990.611700687114 6998.011186589968 3699742
2340 0 6998.064207560748 7005.463693463603 3699742
2352 0 7005.469537664402 7012.869023567257 14798971
2387 5 7012.870762488225 7020.27024839108 7399485
2303 0 7021.35408069196 7028.753566594814 3699742
128 0 9453.964818418026 9461.36430432088 7399485
117 0 9461.519951095546 9468.9194369984 3699742
231 0 11642.108599454165 11649.508085357018 14798971
225 0 11649.606230506448 11657.005716409301 14798971
