207 0 1647.242846339941 1654.6423322427952
214 0 1656.0769185735012 1663.4764044763554
211 0 1663.6039931965447 1671.0034790993989
218 0 1676.4203729954136 1683.8198588982677
217 0 1684.2312949097613 1691.6307808126155
220 0 1701.2563426494598 1708.655828552314
219 0 1708.8011753250719 1716.200661227926
210 0 1749.1825748980045 1756.5820608008587
266 0 3410.336398333311 3417.735884236165
267 0 3417.8832013108067 3425.2826872136607
276 0 3450.17863458395 3457.578120486804
277 0 3457.621578457879 3465.021064360733
312 0 3506.6591270267963 3514.0586129296503
311 0 3580.1636739969254 3587.5631598997793
327 0 4549.83839532733 4557.237881230184
326 0 4557.716704913507 4565.116190816361
361 0 4566.601011820844 4574.000497723699
351 0 4579.790173573399 4587.189659476254
328 0 4591.456648744032 4598.856134646886
238 0 4616.498108881045 4623.897594783899
236 0 4624.4388327682045 4631.838318671059
237 0 4631.9900295091 4639.389515411955
340 0 4653.804571016361 4661.204056919215
364 0 4665.976175857081 4673.375661759936
324 0 4680.871751555597 4688.271237458452
330 0 4691.337388495426 4698.736874398281
319 0 4699.297773886351 4706.697259789205
321 0 4706.976704716551 4714.376190619405
322 0 4714.427604258825 4721.82709016168
374 0 4723.098290533118 4730.497776435973
336 0 4735.534970364431 4742.934456267285
92 0 4743.40923439835 4750.808720301205
72 0 4752.3399905873885 4759.739476490243
70 0 4759.883935413875 4767.28342131673
74 0 4767.4488959440205 4774.848381846875
82 0 4775.70175198595 4783.1012378888045
83 0 4783.273721161046 4790.6732070639
76 0 4792.258979476313 4799.658465379167
88 0 4801.394372135401 4808.793858038255
428 0 4811.603492107496 4819.0029780103505
411 0 4819.366927100801 4826.7664130036555
413 0 4826.907852964026 4834.30733886688
429 0 4834.794365880612 4842.193851783466
426 0 4842.753777120494 4850.153263023349
427 0 4850.16782526182 4857.567311164675
416 0 4857.961252892182 4865.360738795036
396 0 4866.038792444907 4873.438278347761
394 0 4873.547111212162 4880.946597115017
401 0 4880.9665211043175 4888.366007007172
402 0 4894.073701545313 4901.473187448168
44 0 4909.501187586358 4916.900673489213
40 0 4916.9094289666 4924.308914869454
42 0 4924.384628860949 4931.784114763804
409 0 4937.736198910674 4945.135684813528
204 0 4951.070517075456 4958.470002978311
156 0 4959.467775580256 4966.86726148311
115 0 4966.940713863209 4974.340199766063
158 0 4974.47059210975 4981.870078012605
387 0 4982.407696542124 4989.807182444978
106 0 4990.308733839211 4997.708219742065
140 0 4998.084468618358 5005.483954521213
108 0 5005.865193522016 5013.26467942487
110 0 5013.32394805931 5020.723433962165
112 0 5020.728558309266 5028.128044212121
137 0 5028.507022119192 5035.906508022046
120 0 5035.948763471873 5043.348249374727
98 0 5043.466379342911 5050.865865245765
100 0 5050.872595510772 5058.272081413626
102 0 5058.324684886132 5065.724170788986
104 0 5065.730985699842 5073.130471602696
9 0 7427.3818553984165 7434.781341301271
8 0 7435.083703508508 7442.483189411362
28 0 7526.861289083958 7534.260774986812
26 0 7534.371731814338 7541.7712177171925
25 0 7645.489407211542 7652.8888931143965
208 0 7708.349149722111 7715.748635624966
24 0 7771.135039446686 7778.534525349541
23 0 7778.752151306513 7786.151637209367
19 0 7786.16913996612 7793.568625868975
22 0 7793.658746916466 7801.05823281932
16 0 7801.075906294167 7808.475392197021
13 0 7808.6879858915145 7816.087471794369
10 0 7816.158710018997 7823.558195921852
189 0 12326.838797360659 12334.238283263512
188 0 12334.270653610523 12341.670139513377
195 0 12342.195723476474 12349.595209379328
193 0 12349.795121907287 12357.194607810141
194 0 12357.423991948013 12364.823477850867
192 0 12365.024576344535 12372.424062247388
191 0 12410.076515108347 12417.4760010112
190 0 12417.485541527825 12424.885027430679
2 0 13421.919899225235 13429.319385128088
6 0 13429.716997737187 13437.11648364004
0 0 13437.430086272778 13444.829572175631
4 0 13445.224446752893 13452.623932655746
14 0 13500.314944505692 13507.714430408545
20 0 13507.861780267658 13515.261266170512
11 0 13515.392202811292 13522.791688714145
17 0 13522.938271973717 13530.33775787657
