695 0 0.0 7.399485902854087
781 0 10.353559829327104 17.753045732181192
2381 0 40.13661212603128 47.53609802888537
1263 0 66.60737579116898 74.00686169402306
757 0 76.89235166753838 84.29183757039246
552 0 110.93549029772562 118.3349762005797
2353 0 126.38082304663618 133.78030894949026
928 0 152.89295845085798 160.29244435371206
806 0 165.14370014539966 172.54318604825374
2341 0 186.9941237476537 194.39360965050778
906 0 213.25697784904023 220.6564637518943
2109 0 231.97218661594752 239.3716725188016
1196 0 281.0408548119286 288.44034071478274
659 0 321.5920928312531 328.99157873410724
707 0 333.66173646879747 341.0612223716516
464 0 354.0652950580774 361.46478096093153
477 0 361.7074531954968 369.1069390983509
2304 0 397.60705186144304 405.00653776429715
1529 0 2603.9812064170837 2611.3806923199377
1549 0 2613.6081511973393 2621.0076371001933
1539 0 2621.179443291526 2628.5789291943797
1676 0 5578.354654312134 5585.754140214988
1694 0 5586.122766352298 5593.522252255152
1685 0 5593.810533567001 5601.210019469855
1703 0 5601.576065527326 5608.9755514301805
2008 0 5616.936353460895 5624.335839363749
2017 0 5624.517983964847 5631.917469867702
1999 0 5632.003702534678 5639.403188437533
1952 0 5639.712452886179 5647.111938789033
1960 0 5647.133521597627 5654.533007500481
1931 0 5654.843914883303 5662.2434007861575
2054 0 5669.431094514651 5676.830580417505
2063 0 5676.895920183415 5684.295406086269
2043 0 5693.648607219962 5701.048093122817
2071 0 5702.543726990276 5709.94321289313
2029 0 5710.880510646818 5718.279996549672
2081 0 5719.231536214417 5726.631022117272
1968 0 5729.550671844633 5736.9501577474875
1978 0 5737.026231189737 5744.425717092591
2020 6 5744.448562192547 5751.848048095401
520 0 5753.235272192483 5760.634758095337
542 0 5760.73355564488 5768.133041547734
531 0 5768.226513874263 5775.625999777118
553 0 5775.724370420987 5783.123856323841
1184 0 5807.474605053663 5814.874090956518
1197 0 5814.913292803645 5822.3127787065
2370 0 5845.07183098793 5852.471316890785
2382 0 5852.565673178851 5859.965159081706
609 0 5861.966644748538 5869.366130651392
2318 0 5870.24691241196 5877.646398314814
620 0 5878.52433926502 5885.923825167874
2342 0 5886.726977347459 5894.1264632503135
2330 0 5894.202671081028 5901.602156983882
2354 0 5901.676675594239 5909.076161497093
186 6 5915.606761038303 5923.006246941158
2305 0 5925.687258932569 5933.086744835424
192 6 5935.849987714995 5943.24947361785
193 6 5943.254936003257 5950.654421906112
188 6 5950.654653818471 5958.054139721326
189 6 5958.0598052213545 5965.459291124209
190 6 5965.512797827053 5972.912283729907
191 6 5972.918045497407 5980.317531400261
1517 6 5980.341034994375 5987.7405208972295
1518 6 5987.746618890417 5995.146104793272
187 6 5995.252455691947 6002.651941594801
1503 6 6002.700048765598 6010.099534668452
129 0 8482.871787160635 8490.271273063488
118 0 8490.432305899752 8497.831791802606
92 0 8585.261770427227 8592.66125633008
68 0 8592.91118986334 8600.310675766194
80 0 8600.670870630973 8608.070356533826
56 0 8608.32213023173 8615.721616134584
41 0 8654.258732795715 8661.658218698569
30 0 8661.706363075677 8669.10584897853
19 0 8669.244264884383 8676.643750787236
8 0 8676.691069035904 8684.090554938757
1305 0 13282.34532815218 13289.744814055033
1300 0 13289.826009266064 13297.225495168917
1327 0 13298.190089768086 13305.58957567094
1317 0 13305.955227341126 13313.35471324398
1322 0 13313.795454651272 13321.194940554125
1312 0 13321.56313890142 13328.962624804273
1913 0 13452.174601763487 13459.57408766634
1912 0 13459.57781485884 13466.977300761693
