1127 0 0.0 7.399485902854087 3699742
1151 0 21.061002601870285 28.460488504724374 14798971
1137 0 28.953836688611556 36.35332259146564 3699742
1158 0 36.94308064373147 44.34256654658556 7399485
1144 0 44.83304323396947 52.23252913682356 7399485
1083 0 61.51284481844394 68.91233072129802 7399485
1075 0 69.55788857137935 76.95737447423343 7399485
1103 0 79.7311029989251 87.13058890177918 3699742
1095 0 87.74547242655015 95.14495832940423 14798971
1009 0 98.7188544517537 106.11834035460778 3699742
993 0 106.77849405612157 114.17797995897565 3699742
1017 0 114.98590820551962 122.3853941083737 7399485
1001 0 123.04359768239202 130.44308358524611 7399485
1025 0 153.70723864344467 161.10672454629875 3699742
1032 0 161.13000166856796 168.52948757142204 14798971
1559 0 210.04894631735576 217.44843222020984 7399485
1042 0 252.77001846688802 260.1695043697421 7399485
1051 0 260.47015364668755 267.86963954954166 3699742
1565 0 273.153713468248 280.5531993711021 14798971
1581 0 280.97071085271506 288.37019675556917 3699742
1573 0 288.701243386913 296.1007292897671 14798971
1589 0 296.51550083685896 303.9149867397131 7399485
1333 0 392.44994571805 399.8494316209041 7399485
1355 0 400.0337934372773 407.43327934013143 14798971
1344 0 407.5910274353902 414.9905133382443 3699742
1366 0 415.1737656381549 422.57325154100903 7399485
275 0 1843.7118053734303 1851.1112912762844 7399485
263 0 1851.2932956831078 1858.692781585962 14798971
2935 0 1903.899915883457 1911.2994017863111 7399485
2945 0 1911.4958367985664 1918.8953227014206 3699742
2615 0 1983.1639680862427 1990.5634539890968 14798971
2737 0 2013.9674000367327 2021.3668859395868 3699742
3295 0 2066.309692645937 2073.709178548791 14798971
3020 0 2116.1653603375585 2123.5648462404124 7399485
3285 0 2165.9381379641763 2173.3376238670303 14798971
2957 0 2218.3544234381548 2225.7539093410087 14798971
3175 1 2225.9979155730966 2233.3974014759506 14798971
3177 1 2233.9294389565002 2241.328924859354 7399485
3355 0 2241.887643619531 2249.287129522385 14798971
2460 1 2250.4095949048624 2257.8090808077163 7399485
2436 1 2258.8678539266703 2266.267339829524 3699742
2723 0 2301.382109634578 2308.7815955374317 7399485
2715 0 2308.927551395739 2316.327037298593 3699742
2787 0 2351.1658214356926 2358.5653073385465 7399485
2760 0 2358.605231848572 2366.004717751426 3699742
2778 0 2366.086373685611 2373.485859588465 7399485
2517 0 2427.5202719969107 2434.9197578997646 14798971
2974 0 2435.0956306864387 2442.4951165892926 7399485
2509 0 2442.643523629285 2450.043009532139 3699742
3441 0 2450.048753227488 2457.448239130342 7399485
1425 0 2497.871226021251 2505.270711924105 3699742
1435 0 2515.399369027528 2522.798854930382 7399485
1443 0 2522.9803951216577 2530.3798810245116 3699742
3077 1 2531.9900240760635 2539.3895099789174 7399485
3078 1 2539.5225731544206 2546.9220590572745 14798971
3069 1 2547.2100454677625 2554.6095313706164 3699742
1404 0 2557.7287754201952 2565.128261323049 3699742
1411 0 2565.3422236704314 2572.7417095732853 14798971
1480 1 2575.12356839945 2582.523054302304 14798971
1477 1 2582.623192083911 2590.022677986765 3699742
1479 1 2590.169458651127 2597.568944553981 7399485
1457 0 2598.804751697041 2606.204237599895 3699742
1471 0 2606.3136605796 2613.713146482454 7399485
1450 0 2613.785736827593 2621.185222730447 7399485
1464 0 2621.29379283354 2628.693278736394 3699742
1215 0 6204.042071431875 6211.44155733473 14798971
1228 0 6212.653102697167 6220.052588600021 14798971
1237 0 6220.140119381163 6227.539605284017 3699742
491 0 6284.953905493021 6292.353391395875 3699742
499 0 6292.395044403967 6299.794530306822 7399485
2250 0 6320.972457110882 6328.371943013736 7399485
2277 0 6377.3250182271 6384.724504129955 14798971
2286 0 6384.7998817034795 6392.199367606334 14798971
2259 0 6392.410079519968 6399.809565422823 7399485
2268 0 6399.883755711382 6407.283241614236 14798971
1712 0 6451.748749822378 6459.148235725233 7399485
1722 0 6459.221451254215 6466.620937157069 14798971
1639 0 6577.61635813117 6585.015844034025 14798971
1652 0 6585.106984468246 6592.5064703711005 7399485
1750 0 6620.3190777003765 6627.718563603231 3699742
1739 0 6627.770958565966 6635.17044446882 3699742
651 0 6692.331116676331 6699.730602579185 14798971
639 0 6699.7781934715285 6707.177679374383 7399485
482 0 6708.134053452621 6715.533539355475 7399485
469 0 6715.588990397154 6722.988476300008 3699742
2129 0 6723.84991391015 6731.249399813004 14798971
2143 0 6731.337309489202 6738.736795392057 3699742
2101 0 6738.886819015091 6746.286304917945 7399485
2115 0 6746.3734139778635 6753.772899880718 14798971
813 9 6766.1102114617825 6773.509697364637 14798971
861 0 6797.494627922773 6804.894113825628 14798971
837 0 6807.601228475571 6815.000714378425 7399485
849 0 6815.180201420598 6822.579687323452 3699742
700 0 6823.61509789915 6831.014583802004 14798971
676 0 6831.377953523481 6838.777439426335 3699742
688 0 6838.936444513412 6846.335930416267 3699742
264 0 7712.474249154329 7719.873735057184 14798971
276 0 7720.019133937259 7727.418619840113 7399485
3276 0 7967.308922946453 7974.7084088493075 3699742
3296 0 7974.7692653826825 7982.168751285537 14798971
3266 0 7982.187775063864 7989.5872609667185 14798971
3286 0 7989.647473068673 7997.046958971528 14798971
2518 0 8057.177163779736 8064.57664968259 14798971
2510 0 8064.6241296727885 8072.023615575643 3699742
3442 0 8072.034926443246 8079.4344123461005 7399485
2975 0 8079.492259754656 8086.89174565751 7399485
1493 0 11112.523931741714 11119.923417644568 3699742
1905 0 11138.828191144357 11146.22767704721 7399485
1501 0 11165.288426377005 11172.687912279858 3699742
1761 0 11187.85566797224 11195.255153875094 3699742
1886 0 11195.511174418452 11202.910660321306 14798971
1869 0 11203.407904585465 11210.807390488319 14798971
1852 0 11211.224388822488 11218.623874725341 7399485
1770 0 11219.367046955782 11226.766532858635 3699742
1895 0 11227.024223714627 11234.42370961748 3699742
1878 0 11234.924160852986 11242.32364675584 3699742
1861 0 11242.743328141796 11250.14281404465 3699742
1830 0 11256.55996308549 11263.959448988344 3699742
1812 0 11264.51694840051 11271.916434303363 14798971
1839 0 11272.594556737278 11279.994042640132 14798971
1821 0 11280.554537951166 11287.95402385402 14798971
1381 0 11312.725667041252 11320.125152944105 3699742
1388 0 11320.249794126921 11327.649280029775 14798971
492 0 12063.489038348198 12070.888524251051 3699742
500 0 12070.91844056907 12078.317926471924 7399485
1216 0 12142.408840358257 12149.80832626111 14798971
1229 0 12173.500821352005 12180.900307254858 14798971
1238 0 12180.906154058823 12188.305639961676 3699742
2260 0 12225.898968666792 12233.298454569645 7399485
2278 0 12233.46149266716 12240.860978570014 14798971
2269 0 12241.003313860463 12248.402799763317 14798971
2287 0 12248.564933356234 12255.964419259088 14798971
2251 0 12258.724435056825 12266.123920959679 7399485
1713 0 12271.795093667737 12279.19457957059 7399485
1723 0 12279.22964167045 12286.629127573304 14798971
142 0 12308.63404650699 12316.033532409843 7399485
590 0 12337.825831712482 12345.225317615335 14798971
1287 0 12350.131449353492 12357.530935256345 3699742
1267 0 12357.84316189268 12365.242647795534 14798971
1751 0 12389.481795587471 12396.881281490325 3699742
164 0 12405.862610523644 12413.262096426497 3699742
1980 0 12439.108789089281 12446.508274992135 3699742
1970 0 12446.611688018258 12454.011173921112 14798971
566 0 12458.493695737785 12465.893181640638 14798971
911 0 12475.181696865964 12482.581182768818 14798971
922 0 12482.75748721243 12490.156973115283 14798971
890 0 12491.008637797486 12498.40812370034 3699742
786 0 12499.846849226511 12507.246335129365 14798971
762 0 12507.58626837966 12514.985754282514 3699742
799 0 12515.509225390697 12522.90871129355 14798971
774 0 12523.250049349266 12530.64953525212 14798971
640 0 12544.583117092801 12551.982602995655 7399485
967 0 12567.999476793424 12575.398962696278 14798971
878 0 12575.880099127931 12583.279585030785 14798971
736 0 12585.120680159871 12592.520166062724 14798971
825 0 12597.963067906272 12605.362553809126 14798971
544 0 12624.59649175985 12631.995977662704 14798971
623 0 12636.468315400174 12643.867801303028 3699742
533 0 12648.367618436694 12655.767104339548 14798971
2073 0 12657.414921125363 12664.814407028216 14798971
2345 0 12670.620510774112 12678.019996676965 3699742
2321 0 12678.169256790945 12685.568742693798 3699742
2357 0 12685.833280426526 12693.23276632938 14798971
2333 0 12693.383415379889 12700.782901282742 3699742
2130 0 12727.998039646944 12735.397525549797 14798971
2102 0 12735.763653957036 12743.16313985989 7399485
2144 0 12743.717372213147 12751.116858116 3699742
2116 0 12751.480578166784 12758.880064069637 14798971
2385 0 12787.07217807748 12794.471663980334 7399485
2373 0 12794.595146665879 12801.994632568732 14798971
2309 0 12805.381801689897 12812.78128759275 3699742
1186 0 12819.723153056406 12827.12263895926 7399485
1199 0 12827.18957714873 12834.589063051584 14798971
