2936 0 874.3393712937832 881.7388571966372 7399485
277 0 924.0162258396465 931.4157117425005 7399485
265 0 931.5295146167055 938.9290005195595 14798971
2756 2 993.0993010670583 1000.4987869699123 7399485
2823 0 1001.8295850452803 1009.2290709481343 3699742
2813 0 1009.3028206130045 1016.7023065158586 14798971
284 1 1020.4943754673004 1027.8938613701546 14798971
2493 0 1028.8185032291954 1036.2179891320495 3699742
3356 0 1037.7298261421233 1045.1293120449775 14798971
3374 0 1045.2494745516606 1052.6489604545147 14798971
2484 0 1054.0923726615151 1061.4918585643693 14798971
3277 0 1120.8252455175673 1128.2247314204214 3699742
3287 0 1128.4697621129803 1135.8692480158345 14798971
3072 1 1188.0999613852607 1195.4994472881149 14798971
3071 1 1195.5440718448465 1202.9435577477007 7399485
2551 0 1203.6052736421564 1211.0047595450105 3699742
2561 0 1203.6620715377396 1211.0615574405938 14798971
3207 0 1212.2004457914118 1219.599931694266 14798971
3105 2 1220.6299496255938 1228.029435528448 14798971
2770 0 1229.5103929932316 1236.9098788960857 14798971
3180 0 1239.3797418056324 1246.7792277084866 14798971
2788 0 1249.0997846806185 1256.4992705834727 7399485
2761 0 1256.5820188213725 1263.9815047242266 3699742
2779 0 1264.1295878684703 1271.5290737713244 7399485
3349 1 1274.6880350898093 1282.0875209926635 14798971
2919 0 1282.1846989067851 1289.5841848096393 3699742
2892 0 1289.6146483590358 1297.01413426189 3699742
3353 1 1297.1197546915428 1304.519240594397 14798971
3352 1 1304.5543008754855 1311.9537867783397 3699742
2527 0 1312.089507681447 1319.4889935843012 3699742
1426 0 1348.0448467672743 1355.4443326701285 3699742
2976 0 1385.1773739400933 1392.5768598429474 7399485
2519 0 1392.6663152791737 1400.0658011820278 14798971
2511 0 1400.074775415112 1407.4742613179662 3699742
3443 0 1407.475881164027 1414.8753670668812 7399485
1436 0 1462.4977711972892 1469.8972571001434 7399485
1444 0 1470.255404614018 1477.6548905168722 3699742
1405 0 1480.1813089862367 1487.5807948890908 3699742
1412 0 1488.0101541184551 1495.4096400213093 14798971
1458 0 1502.686916136532 1510.0864020393863 3699742
1472 0 1510.3053711185967 1517.7048570214508 7399485
1451 0 1517.8583537003162 1525.2578396031704 7399485
1465 0 1525.475258447692 1532.8747443505463 3699742
1230 0 5277.72564214468 5285.125128047534 14798971
1239 0 5285.179983273405 5292.579469176259 3699742
1217 0 5293.326378912226 5300.72586481508 14798971
2252 0 5384.618612796068 5392.018098698923 7399485
2279 0 5457.756157100201 5465.155643003055 14798971
2288 0 5465.206875588888 5472.606361491742 14798971
2261 0 5472.737106711298 5480.1365926141525 7399485
2270 0 5480.187042181956 5487.58652808481 14798971
1714 0 5534.503628581762 5541.903114484617 7399485
1724 0 5541.95459638036 5549.354082283215 14798971
1641 0 5645.2482242286205 5652.647710131475 14798971
1654 0 5652.716431473401 5660.115917376255 7399485
2145 0 5782.2610295414925 5789.660515444347 3699742
2131 0 5789.73091756808 5797.130403470935 14798971
2117 0 5797.156639490162 5804.556125393016 14798971
2103 0 5804.625908970263 5812.025394873117 7399485
484 0 5812.639141692808 5820.038627595663 7399485
471 0 5820.076800770674 5827.476286673528 3699742
278 0 6722.034682869911 6729.434168772766 7399485
266 0 6729.664483820164 6737.063969723018 14798971
3278 0 6929.151925593615 6936.551411496469 3699742
3298 0 6936.65496375409 6944.054449656945 14798971
3268 0 6944.096472535235 6951.4959584380895 14798971
3288 0 6951.598545781207 6958.998031684061 14798971
2520 0 7036.32095298171 7043.720438884565 14798971
2512 0 7043.795399090375 7051.19488499323 3699742
2977 0 7051.322598852332 7058.722084755186 7399485
3444 0 7058.832084208764 7066.231570111619 7399485
3237 0 7115.302404075861 7122.701889978715 3699742
3228 0 7122.73882814416 7130.138314047014 14798971
1494 0 10143.957663059235 10151.357148962088 3699742
1502 0 10151.44850808314 10158.847993985994 3699742
1906 0 10169.69653220647 10177.096018109323 7399485
1887 0 10179.549853295088 10186.949339197941 14798971
1762 0 10187.079940319843 10194.479426222697 3699742
1870 0 10194.606617733763 10202.006103636617 14798971
1896 0 10202.300071041367 10209.69955694422 3699742
1771 0 10209.830973884214 10217.230459787068 3699742
1853 0 10217.610565264638 10225.010051167492 7399485
1879 0 10225.262228054075 10232.661713956928 3699742
1862 0 10232.880544602778 10240.280030505632 3699742
1831 0 10243.575234417693 10250.974720320546 3699742
1813 0 10251.281100747867 10258.68058665072 14798971
1840 0 10259.042207134806 10266.44169303766 14798971
1822 0 10266.750007916648 10274.149493819501 14798971
1382 0 10326.263175487518 10333.662661390372 3699742
1389 0 10333.814712193944 10341.214198096797 14798971
493 0 11056.165705800056 11063.56519170291 3699742
501 0 11063.639248087991 11071.038733990845 7399485
1218 0 11095.462244451046 11102.8617303539 14798971
1231 0 11116.625587254763 11124.025073157616 14798971
1240 0 11124.043987079156 11131.44347298201 3699742
2262 0 11216.858999609947 11224.2584855128 7399485
2253 0 11229.321913981175 11236.721399884029 7399485
2280 0 11241.500092663906 11248.89957856676 14798971
2271 0 11249.128893029614 11256.528378932468 14798971
2289 0 11256.811148482084 11264.210634384937 14798971
1715 0 11269.198698371649 11276.598184274502 7399485
1725 0 11276.682561379252 11284.082047282105 14798971
143 0 11331.960504621267 11339.35999052412 7399485
1741 0 11345.716040896203 11353.115526799056 3699742
165 0 11360.792977633208 11368.192463536061 3699742
1288 0 11378.721860993352 11386.121346896205 3699742
1268 0 11386.310749737253 11393.710235640106 14798971
591 0 11396.6149408364 11404.014426739253 14798971
1642 0 11438.911827669588 11446.311313572442 14798971
577 0 11481.925517874777 11489.32500377763 3699742
775 0 11495.801995772654 11503.201481675507 14798971
641 0 11513.926573088322 11521.326058991175 7399485
968 0 11533.330080950534 11540.729566853388 14798971
838 0 11545.704693640968 11553.104179543821 7399485
1981 0 11566.224777803565 11573.624263706419 3699742
737 0 11582.742384654232 11590.141870557085 14798971
749 0 11590.285436528791 11597.684922431645 7399485
725 0 11597.893064928614 11605.292550831467 7399485
1971 0 11614.407450782095 11621.806936684949 14798971
1514 0 11628.539310458977 11635.93879636183 14798971
2104 0 11652.963382201538 11660.362868104392 7399485
2118 0 11660.588255777542 11667.987741680396 14798971
556 0 11691.886669119196 11699.28615502205 3699742
523 0 11699.387337702474 11706.786823605327 7399485
2322 0 11709.670247644312 11717.069733547165 3699742
2334 0 11717.15429024465 11724.553776147504 3699742
2386 0 11725.231896751515 11732.631382654368 7399485
2374 0 11732.711896882485 11740.111382785339 14798971
2310 0 11742.731073161282 11750.130559064135 3699742
1200 0 11755.03223671596 11762.431722618814 14798971
1187 0 11762.482826528638 11769.882312431491 7399485
