3311 0 0.0 7.399485902854087
2956 0 7.912530931866899 15.312016834720986
245 0 21.02161461488157 28.42110051773566
2952 0 46.61061584805711 54.0101017509112
2942 0 57.71571496740718 65.11520087026126
3036 0 66.19609221366862 73.5955781165227
3129 0 94.17150670078271 101.5709926036368
3363 0 106.87836262935076 114.27784853220484
3132 0 165.7509833625689 173.15046926542297
2545 0 236.45084208050994 243.85032798336402
2580 0 289.8104268619634 297.2099127648175
3197 0 341.7640595266639 349.163545429518
3348 0 350.6072672400211 358.0067531428752
2574 0 373.31476013851113 380.71424604136524
3040 0 390.468301785159 397.8677876880131
3097 0 402.8725500670298 410.2720359698839
2890 0 415.92276768126175 423.32225358411586
2889 0 423.43974651378045 430.83923241663456
3217 0 439.022128977471 446.42161488032514
3218 0 446.56495370067057 453.9644396035247
2502 0 455.4556835600479 462.855169462902
2504 0 462.95597882891406 470.35546473176817
2501 0 470.4106371224105 477.8101230252646
3110 0 532.9545859592216 540.3540718620757
3230 0 540.5896721670571 547.9891580699111
3221 0 548.0058481064356 555.4053340092896
2718 0 557.3688605400309 564.768346442885
2710 0 564.7971127728953 572.1965986757493
1417 0 581.4181646178323 588.8176505206864
1416 0 589.2595022431091 596.6589881459631
1482 0 626.0228717131008 633.4223576159549
1481 0 633.56346258753 640.9629484903841
3070 0 643.0785293809614 650.4780152838155
1441 0 658.4239894718909 665.8234753747449
1433 0 666.4422048101654 673.8416907130195
1409 0 677.2885239450102 684.6880098478642
1402 0 685.3700116014722 692.7694975043263
1478 0 701.1073235884869 708.506809491341
1421 0 719.5488136834348 726.9482995862888
1418 0 727.4873228939798 734.8868087968339
1456 0 752.0382406236894 759.4377265265434
1463 0 759.9951577980522 767.3946437009063
1430 0 768.6239011768292 776.0233870796833
1432 0 776.485852363364 783.885338266218
1429 0 784.2273373772689 791.626823280123
1431 0 792.0867231164292 799.4862090192833
2296 0 4042.999526590109 4050.399012492963
1555 0 4090.017203360796 4097.41668926365
2294 0 4247.966295748949 4255.365781651803
2295 0 4255.66493865171 4263.0644245545645
1330 0 4377.0774137973785 4384.476899700233
1232 0 4391.711321085691 4399.110806988546
1223 0 4399.1457092968085 4406.545195199663
1210 0 4412.603207707405 4420.0026936102595
1209 0 4420.035680264532 4427.435166167386
1222 0 4427.537093248841 4434.936579151696
1221 0 4484.983351223502 4492.382837126356
1220 0 4492.642214169636 4500.04170007249
1219 0 4500.100978998962 4507.5004649018165
1211 0 4507.518763788796 4514.91824969165
1202 0 4515.022499869132 4522.421985771986
2245 0 4571.140486516226 4578.53997241908
1726 0 4593.328555889916 4600.7280417927705
1727 0 4600.926373820928 4608.325859723783
2281 0 4633.364564700341 4640.764050603196
1729 1 4670.731202297867 4678.130688200721
1728 1 4678.3063694705415 4685.705855373396
1646 0 4733.059340387583 4740.458826290437
1633 0 4740.51101235587 4747.910498258724
1627 3 4788.809264272451 4796.208750175306
2138 0 4866.110593140125 4873.51007904298
2124 0 4873.566855268227 4880.966341171082
2110 0 4880.991873736304 4888.3913596391585
2096 0 4888.447650016734 4895.847135919588
283 1 5693.008891105652 5700.408377008506
282 1 5700.758684889678 5708.1581707925325
268 0 5736.627504318953 5744.026990221807
256 0 5744.376492653726 5751.77597855658
294 0 5789.050874173641 5796.450360076496
3131 1 5822.153299548299 5829.552785451154
3303 0 5851.883611781632 5859.283097684486
3248 0 5860.237638568146 5867.637124471001
3246 0 5868.108237932048 5875.507723834902
3247 0 5876.139995867199 5883.5394817700535
2525 0 5885.408560061989 5892.808045964844
3243 0 5894.70835346703 5902.1078393698845
3271 0 5930.922701367207 5938.3221872700615
3291 0 5938.501647137766 5945.90113304062
3261 0 5945.988964413308 5953.388450316163
3281 0 5953.5664248337425 5960.965910736597
3250 0 5975.132155153601 5982.531641056456
2547 0 5984.792286222956 5992.1917721258105
2546 0 5992.707799605959 6000.107285508813
3307 0 6002.96031288169 6010.359798784544
3305 0 6010.920261672849 6018.319747575703
3306 0 6019.055450569079 6026.454936471933
3304 0 6027.015501732967 6034.4149876358215
2579 0 6036.2040803310165 6043.603566233871
2930 0 6054.826314528773 6062.225800431627
2577 0 6074.002437296431 6081.401923199285
2578 0 6082.129702749815 6089.529188652669
2927 0 6100.351503633921 6107.750989536776
2576 0 6119.1268680888925 6126.526353991747
3111 1 6144.760500249919 6152.159986152773
2581 0 6157.659815111827 6165.059301014681
2437 1 6165.139712564344 6172.539198467199
2571 0 6182.874570484962 6190.274056387816
2548 1 6200.822498791045 6208.2219846939
2573 0 6218.444680454829 6225.844166357683
2750 0 6226.921899603268 6234.321385506122
2751 0 6234.612905674845 6242.012391577699
2513 0 6243.786399287987 6251.185885190841
2570 0 6251.383807968363 6258.783293871217
2572 0 6259.106919048846 6266.5064049517005
2970 0 6266.668966953827 6274.068452856682
2505 0 6274.308188225385 6281.707674128239
2433 0 6282.375793156805 6289.77527905966
2434 0 6290.08506197398 6297.484547876835
3437 0 6298.4345405102085 6305.834026413063
3067 0 6305.989329011428 6313.388814914282
3068 0 6313.7107688257065 6321.110254728561
3301 0 6323.199355204547 6330.598841107401
3300 0 6330.698210174916 6338.097696077771
3231 0 6343.456195915815 6350.85568181867
3222 0 6350.913664416193 6358.313150319047
2719 0 6367.318196725219 6374.717682628074
2695 0 6374.767106678241 6382.166592581096
2711 0 6374.859017961835 6382.258503864689
1488 0 9190.649221420288 9198.048707323142
1496 0 9198.08722554618 9205.486711449033
1882 0 9252.64915946126 9260.048645364113
1757 0 9260.114541244444 9267.514027147297
1891 0 9267.593743000663 9274.993228903517
1865 0 9275.139540228847 9282.5390261317
1766 0 9282.619089478289 9290.018575381142
1874 0 9290.08547808503 9297.484963987883
1848 0 9297.611105150907 9305.01059105376
1825 0 9306.64874260707 9314.048228509924
1901 0 9316.474198002958 9323.873683905811
1857 0 9324.674126035214 9332.073611938067
1485 0 9343.84609622191 9351.245582124764
1834 0 9361.37032137041 9368.769807273264
1807 0 9368.94793336866 9376.347419271513
1483 0 9386.211147876105 9393.610633778959
1486 0 9394.13661214644 9401.536098049293
1816 0 9411.904416485533 9419.303902388387
1484 0 9429.230348660576 9436.62983456343
1375 0 9439.192361181385 9446.591847084239
1376 0 9449.092823558442 9456.492309461295
1383 0 9456.580987836223 9463.980473739077
502 0 9996.655245035887 10004.05473093874
507 0 10004.05473093874 10011.454216841594
510 0 10012.246514775266 10019.64600067812
508 0 10020.285683026956 10027.68516892981
1205 0 10043.812549849281 10051.212035752134
1207 0 10051.559556892666 10058.959042795519
1206 0 10059.24064998503 10066.640135887883
1208 0 10066.98539298399 10074.384878886844
504 0 10084.009717688114 10091.409203590967
503 0 10091.959995312149 10099.359481215002
486 0 10103.181462411285 10110.580948314138
494 0 10110.725348130238 10118.124834033091
1203 0 10131.81377542208 10139.213261324934
1242 0 10139.356402308522 10146.755888211375
1204 0 10146.836030431572 10154.235516334425
1241 0 10154.546993338452 10161.946479241305
1224 0 10163.506697701845 10170.906183604699
1233 0 10170.955962998021 10178.355448900875
2292 0 10196.54957264718 10203.949058550033
2290 0 10204.505660164661 10211.905146067515
2293 0 10212.61923410393 10220.018720006783
2291 0 10220.573256366715 10227.972742269569
2246 0 10244.148390028673 10251.547875931527
2272 0 10259.501329497107 10266.90081539996
2254 0 10267.359656165623 10274.759142068477
2263 0 10274.879037945018 10282.278523847872
1707 0 10287.917014103154 10295.316500006007
1717 0 10295.471266875198 10302.870752778052
1291 4 10339.74963325262 10347.149119155474
1289 5 10347.29040280455 10354.689888707404
971 3 10368.893348197307 10376.29283410016
148 0 10383.448646546229 10390.848132449082
137 0 10391.110395201113 10398.509881103966
177 4 10401.094538906753 10408.494024809606
170 0 10411.523696142956 10418.92318204581
159 0 10419.164831242384 10426.564317145238
1294 5 10432.167809805269 10439.567295708122
1634 0 10463.643502830264 10471.042988733117
1647 0 10471.2379633979 10478.637449300753
895 5 10500.754987699498 10508.154473602352
457 4 10511.549548024223 10518.949033927076
1264 0 10525.767686506093 10533.167172408946
1248 5 10533.301235121722 10540.700721024576
1245 5 10540.883333951171 10548.282819854025
598 0 10549.764534725755 10557.164020628608
929 0 10560.716263937407 10568.11574984026
940 0 10568.214259863555 10575.613745766408
918 0 10575.751525132084 10583.151011034937
646 0 10591.1328956621 10598.532381564954
634 0 10598.793463029146 10606.192948932
886 0 10614.163309447029 10621.562795349882
770 0 10622.214737769893 10629.614223672746
820 0 10632.083730557344 10639.483216460198
832 0 10639.61591355467 10647.015399457523
963 0 10650.377468924093 10657.776954826946
732 0 10658.455448222692 10665.854934125546
744 0 10665.961910655746 10673.3613965586
708 0 10673.600058231405 10680.999544134258
564 0 10685.171267858552 10692.570753761405
875 0 10696.017675326315 10703.417161229168
684 0 10706.592611214786 10713.99209711764
720 0 10716.33704833257 10723.736534235424
696 0 10726.214128888549 10733.613614791402
672 0 10733.781142275096 10741.18062817795
478 0 10748.48789162188 10755.887377524734
1510 0 10767.047443379452 10774.446929282305
2125 0 10787.289839669587 10794.68932557244
2139 0 10794.901882423625 10802.301368326478
2111 0 10802.57568938483 10809.975175287684
610 0 10825.31300187126 10832.712487774113
2343 0 10832.830868736482 10840.230354639336
2355 0 10840.294383056214 10847.693868959068
2319 0 10847.820116032894 10855.219601935747
2331 0 10855.282893971926 10862.68237987478
2383 0 10863.079052548159 10870.478538451012
2371 0 10870.531786906688 10877.931272809541
2306 0 10879.968646964062 10887.368132866915
3302 1 11805.859800934792 11813.259286837645
3245 1 11824.90669748187 11832.306183384724
1540 0 13403.261813163757 13410.66129906661
1550 0 13410.70004668116 13418.099532584014
