301 0 426.0320870876312 433.43157299048534
303 0 433.744294080346 441.1437799832001
302 0 441.3395332412553 448.7390191441094
304 0 449.0497290306451 456.4492149334992
271 0 460.2181992708864 467.6176851737405
272 0 467.7043379969588 475.10382389981294
284 0 518.5225324034691 525.9220183063231
285 0 526.211116311236 533.61060221409
265 0 535.5166588944867 542.9161447973407
282 0 545.1012695367468 552.5007554396009
293 0 558.804149728443 566.2036356312971
270 0 566.6089461138912 574.0084320167452
295 0 574.2870590024013 581.6865449052553
294 0 581.7601365471347 589.1596224499888
296 0 589.2852923370477 596.6847782399018
313 0 599.8457083150117 607.2451942178658
291 0 610.4587223867104 617.8582082895645
292 0 617.9822865544749 625.3817724573289
305 0 626.7514438429321 634.1509297457861
283 0 634.3029502282008 641.7024361310548
307 0 641.7089967920075 649.1084826948616
262 0 649.1935450172874 656.5930309201415
273 0 656.628496985163 664.027982888017
278 0 664.0332936894542 671.4327795923083
306 0 671.6589706114016 679.0584565142557
286 0 679.2670761209423 686.6665620237964
309 0 686.7440373585986 694.1435232614526
280 0 694.2349365533397 701.6344224561938
308 0 701.85454425466 709.2540301575141
263 0 709.3384654629381 716.7379513657921
274 0 716.8551187305258 724.2546046333798
310 0 724.2719022248388 731.6713881276928
275 0 731.8367645590703 739.2362504619243
281 0 739.3109054723847 746.7103913752387
268 0 746.8235507587806 754.2230366616346
269 0 754.3724394888429 761.771925391697
46 0 763.8473935756672 771.2468794785212
314 0 774.0511928677505 781.4506787706046
289 0 782.7347881779335 790.1342740807876
297 0 790.7062280550085 798.1057139578626
299 0 798.2170247505657 805.6165106534197
298 0 805.6861781873985 813.0856640902525
196 0 814.3390107536484 821.7384966565024
197 0 821.7708895742052 829.1703754770592
430 0 829.6783564090729 837.0778423119269
329 1 1624.3339815437794 1631.7334674466335
365 0 1645.833450525999 1653.2329364288532
337 0 1664.9537929594517 1672.3532788623058
179 0 1694.145033955574 1701.5445198584282
254 0 1750.5349210281822 1757.9344069310364
73 0 1780.7692297560845 1788.1687156589387
69 0 1788.6696713203978 1796.069157223252
155 0 1820.4024544808826 1827.8019403837368
148 0 1830.1654516545414 1837.5649375573955
30 0 1840.217409215731 1847.6168951185853
149 0 1850.753682634753 1858.1531685376071
139 0 1862.616552089728 1870.0160379925821
107 0 1870.8544070665139 1878.253892969368
63 0 1883.780723802177 1891.180209705031
35 0 1918.3045540788473 1925.7040399817015
407 0 1950.5798033183498 1957.979289221204
160 0 1984.063393377048 1991.4628792799022
164 0 2034.0210497819753 2041.4205356848295
94 0 2078.8184614942597 2086.2179473971137
234 0 2090.564526390463 2097.964012293317
226 0 2099.09307692194 2106.492562824794
377 0 2110.3808816744518 2117.7803675773057
380 0 2117.8908561139056 2125.2903420167595
228 0 2128.4989528136393 2135.8984387164933
223 0 2135.9377141576347 2143.3372000604886
224 0 2143.3429106761414 2150.7423965789953
230 0 2126.2152417542893 2133.6147276571432
231 0 2133.6209293800034 2141.0204152828574
381 0 2142.2522025100634 2149.6516884129173
382 0 2149.6598566161574 2157.0593425190114
209 0 4559.245636045933 4566.645121948787
216 0 4571.6235946416855 4579.02308054454
213 0 4579.102488878434 4586.5019747812885
240 2 7597.840705662966 7605.24019156582
241 2 7605.25174789071 7612.651233793565
246 0 7612.771979229763 7620.171465132617
252 0 7620.28986819791 7627.689354100765
249 0 7627.796967375117 7635.196453277971
239 2 7635.275955689321 7642.675441592175
255 0 7642.713790040355 7650.113275943209
360 2 7651.70882268127 7659.108308584125
362 2 7659.18967017156 7666.589156074414
363 2 7666.593168723235 7673.9926546260895
242 2 7675.421996665334 7682.821482568188
243 2 7682.829182607386 7690.228668510241
256 2 7690.292273951855 7697.69175985471
257 2 7697.698987593307 7705.098473496161
368 0 7705.207254804638 7712.6067407074925
371 0 7712.613911239125 7720.013397141979
344 2 7720.255713495042 7727.6551993978965
346 2 7727.752449181856 7735.15193508471
345 2 7735.243803700755 7742.643289603609
338 2 7742.740228363407 7750.139714266262
347 2 7750.139812364575 7757.539298267429
339 2 7757.544248451845 7764.9437343547
323 2 7766.395803939009 7773.795289841863
350 0 7774.276532552221 7781.676018455076
359 0 7808.720000863075 7816.11948676593
165 0 7838.826816678047 7846.226302580902
168 0 7846.2266242004935 7853.626110103348
161 2 7884.961465984583 7892.360951887437
162 2 7892.421954738223 7899.821440641077
403 2 7911.886731564999 7919.286217467853
400 2 7937.778337061405 7945.17782296426
410 2 7963.607977211475 7971.00746311433
391 0 8042.32187461853 8049.721360521385
29 0 10439.82998970151 10447.229475604363
27 0 10447.313418778891 10454.712904681744
7 0 10506.383065074682 10513.782550977536
3 0 10514.07929140064 10521.478777303493
21 0 10541.490156993266 10548.88964289612
5 0 10568.488013831588 10575.887499734441
15 0 10594.91817826087 10602.317664163724
1 0 10621.647100918257 10629.04658682111
18 0 10649.11349770999 10656.512983612844
12 0 10657.079375357713 10664.478861260566
54 0 12553.30598193407 12560.705467836924
53 0 12560.897061583024 12568.296547485877
57 0 12592.505259692669 12599.904745595522
58 0 12599.918447191654 12607.317933094508
55 0 12607.443446966776 12614.84293286963
56 0 12614.856124360385 12622.255610263239
50 0 12622.346355212001 12629.745841114855
59 0 12629.849493376434 12637.248979279288
51 0 12637.36570338966 12644.765189292513
60 0 12644.869399820864 12652.268885723717
48 0 12652.48822591525 12659.887711818103
49 0 12659.899590374305 12667.299076277159
52 0 12668.20747996298 12675.606965865834
62 0 13736.23810377717 13743.637589680024
61 0 13743.734090380716 13751.13357628357
