59 0 687.7246775627136 695.1241634655677
83 0 695.4592257499602 702.8587116528142
71 0 703.059740102115 710.4592260049691
95 0 710.7923011267958 718.1917870296498
33 0 742.109571158886 749.50905706174
11 0 750.0807188082835 757.4802047111375
44 0 758.2204794888178 765.6199653916718
22 0 766.192035793805 773.591521696659
120 0 798.15027720514 805.5497631079941
131 0 805.6045163823624 813.0040022852164
1611 0 1601.4027111530304 1608.8021970558846
1599 0 1609.188105372452 1616.587591275306
1617 0 1617.070548775038 1624.4700346778923
1605 0 1624.8583117989917 1632.257797701846
2161 0 1721.8701420426369 1729.269627945491
2201 0 1729.6566698357733 1737.0561557386275
2195 0 1737.5079310018946 1744.9074169047487
2207 0 1750.8133189974778 1758.212804900332
2219 0 1759.1471638214132 1766.5466497242674
2231 0 1766.5466497242674 1773.9461356271215
2167 0 1774.1533047415937 1781.552790644448
2213 0 1782.4295014309994 1789.8289873338535
2225 0 1790.7665122946337 1798.1659981974879
2237 0 1798.1659981974879 1805.565484100342
2173 0 1805.7734713206096 1813.1729572234638
435 0 1822.4512495645863 1829.8507354674405
2187 0 1836.0315436228154 1843.4310295256696
2180 0 1843.9107238475194 1851.3102097503736
969 1 1863.5975145664133 1870.9970004692675
341 0 1871.4174444518442 1878.8169303546983
348 0 1878.8671498791148 1886.266635781969
327 0 1886.4636040181786 1893.8630899210327
334 0 1893.9122183388672 1901.3117042417214
370 0 1923.3096338736789 1930.709119776533
356 0 1931.3100114806691 1938.7094973835233
377 0 1939.47384174362 1946.873327646474
363 0 1947.4746562504188 1954.874142153273
412 0 1955.8103663269037 1963.2098522297579
419 0 1963.3747898785532 1970.7742757814074
398 0 1972.0797470149448 1979.479232917799
384 0 1980.0495605300302 1987.4490464328844
405 0 1988.1889211253906 1995.5884070282448
391 0 1996.1583798228617 2003.5578657257158
1916 0 2024.5117012990563 2031.9111872019105
1922 0 2032.260610131812 2039.6600960346661
298 0 2069.3235153803394 2076.7230012831933
318 0 2094.493297760261 2101.892783663115
309 0 2101.9633142410885 2109.3628001439424
3083 0 3777.082864791155 3784.482350694009
2417 0 4926.4341441988945 4933.833630101749
2411 0 4933.840998301537 4941.240484204392
2429 0 4941.332247865858 4948.731733768713
2423 0 4948.73867888189 4956.138164784745
106 0 6719.951055705547 6727.350541608402
328 0 7705.276418685913 7712.6759045887675
335 0 7712.689441463348 7720.088927366202
342 0 7720.18222925878 7727.581715161635
349 0 7727.594738088738 7734.994223991593
310 0 7744.374869942665 7751.7743558455195
319 0 7752.030374501115 7759.4298604039695
974 0 7809.375748847938 7816.775234750792
982 0 7816.8259530936375 7824.225438996492
1358 0 8125.549885243177 8132.949371146032
1369 0 8133.004469770022 8140.403955672877
1336 0 8140.5382323339545 8147.937718236809
1347 0 8147.992016856551 8155.391502759406
3084 0 9512.696892082691 9520.096377985545
2881 0 9523.370307981968 9530.769793884821
2854 0 9530.990974911652 9538.390460814506
3012 0 9550.567527085543 9557.967012988396
2982 0 9558.28423924343 9565.683725146284
2454 0 9569.188456118107 9576.58794202096
2650 0 9578.34412969579 9585.743615598643
2632 0 9586.298974883948 9593.698460786802
2623 0 9593.87469834319 9601.274184246044
2741 0 9628.51858627027 9635.918072173123
2949 0 9640.52092807692 9647.920413979773
2731 0 9652.54989099371 9659.949376896564
2961 0 9659.958576997029 9667.358062899882
2478 0 9670.307222840795 9677.706708743648
2469 0 9677.753855726272 9685.153341629126
3386 0 9688.731037893618 9696.130523796472
3403 0 9716.070109590331 9723.469595493185
3170 0 9746.385607836664 9753.785093739518
3210 0 9758.765466947605 9766.164952850459
3192 0 9766.404764888692 9773.804250791545
3183 0 9773.842305799344 9781.241791702198
3043 0 9790.120173875239 9797.519659778092
3033 0 9811.839115457104 9819.238601359957
2904 0 9827.237981461698 9834.637467364551
2913 0 9835.005228445549 9842.404714348402
2681 0 9844.68455806715 9852.084043970004
2538 0 9853.951913688434 9861.351399591287
2530 0 9861.679013249015 9869.078499151869
2661 0 9874.291916480455 9881.691402383309
2791 0 9894.230976578621 9901.630462481475
2782 0 9901.645268750255 9909.044754653109
2764 0 9909.178960563075 9916.578446465928
3317 0 9939.507461682702 9946.906947585556
3119 0 9972.085860286836 9979.48534618969
3101 0 9982.765150054047 9990.1646359569
3093 0 9990.327838534648 9997.727324437501
2888 5 10000.327582528907 10007.727068431761
2887 5 10007.73561533389 10015.135101236743
1152 0 13379.580449700356 13386.979935603209
1138 0 13387.696158799268 13395.095644702122
1159 0 13395.963939862286 13403.36342576514
1145 0 13404.078637556318 13411.478123459172
1128 0 13458.539090245962 13465.938576148816
1027 0 13548.495813429356 13555.89529933221
1034 0 13555.947150154145 13563.346636056998
1084 0 13593.875246946674 13601.274732849528
1076 0 13601.877611864988 13609.277097767841
1104 0 13612.068338978786 13619.46782488164
1096 0 13620.098443605408 13627.497929508261
1010 0 13630.8472614341 13638.246747336954
994 0 13638.814955820124 13646.214441722977
1018 0 13646.929424920547 13654.3289108234
1002 0 13654.899040549311 13662.298526452165
1560 0 13674.248565036209 13681.648050939062
975 0 13732.603413551546 13740.002899454399
983 0 13740.016828881036 13747.41631478389
1045 0 13764.027367792472 13771.426853695326
1054 0 13771.931497574584 13779.330983477437
1583 0 13786.869511066005 13794.268996968858
1567 0 13794.869780483183 13802.269266386036
1591 0 13803.017549771661 13810.417035674514
1575 0 13811.015533221138 13818.415019123991
1337 0 13886.704247921705 13894.103733824559
1359 0 13894.401931635783 13901.801417538636
1348 0 13902.037083511095 13909.436569413949
1370 0 13909.73262678593 13917.132112688783
