241 0 611.2891298830509 618.688615785905 14798971
204 0 710.2076220810413 717.6071079838954 7399485
198 0 717.7017628786039 725.1012487814579 7399485
226 0 733.3486747130207 740.7481606158748 14798971
232 0 740.996556236831 748.396042139685 14798971
209 0 762.218398466396 769.6178843692501 7399485
218 0 772.2064603837662 779.6059462866202 3699742
2427 0 912.879691362381 920.279177265235 7399485
2415 0 920.8387983037082 928.2382842065623 3699742
2421 0 928.9695337581376 936.3690196609916 14798971
2409 0 936.9290671398107 944.3285530426648 7399485
3 0 951.0191393855071 958.4186252883611 7399485
1 0 958.8721193181323 966.2716052209863 14798971
2 0 966.8794251465276 974.2789110493817 14798971
0 0 974.7343046830448 982.1337905858989 3699742
295 0 1102.677125364542 1110.0766112673962 7399485
57 0 2693.970394104719 2701.369880007573 3699742
81 0 2701.478579117985 2708.878065020839 3699742
69 0 2708.927416638179 2716.3269025410327 7399485
93 0 2716.4346367711214 2723.8341226739753 3699742
9 0 2728.6501401919336 2736.0496260947875 3699742
31 0 2736.273568257937 2743.673054160791 7399485
20 0 2743.8033755914967 2751.2028614943506 14798971
42 0 2751.425141971917 2758.824627874771 7399485
102 0 2876.206728667021 2883.6062145698747 14798971
1171 0 3282.0012253522873 3289.4007112551412 14798971
1172 0 3289.4325711676242 3296.832057070478 3699742
1169 0 3297.0325814032285 3304.4320673060824 14798971
1170 0 3304.4629319205746 3311.8624178234286 14798971
1596 0 3471.0384433865547 3478.4379292894087 7399485
1609 0 3538.999212384224 3546.398698287078 14798971
1597 0 3546.9967104995453 3554.3961964023993 7399485
1615 0 3555.115004148361 3562.514490051215 14798971
1603 0 3563.1095795016154 3570.5090654044693 3699742
3448 0 3628.5624519586563 3635.9619378615103 14798971
3449 0 3635.992800498989 3643.3922864018427 14798971
3446 0 3643.537026883645 3650.936512786499 14798971
3447 0 3650.966601344387 3658.366087247241 14798971
244 0 3692.79416051507 3700.193646417924 7399485
243 0 3700.2809352751015 3707.6804211779554 7399485
325 0 3750.051454711123 3757.450940613977 7399485
2178 0 3759.3778140601667 3766.7772999630206 7399485
2185 0 3767.243083283749 3774.642569186603 7399485
354 0 3789.7113334834576 3797.1108193863115 3699742
368 0 3797.4283142340973 3804.8278001369513 14798971
361 0 3805.0870111545178 3812.4864970573717 7399485
375 0 3812.801943538364 3820.201429441218 7399485
432 0 3841.5126462172093 3848.9121321200632 7399485
430 0 3849.5339715490322 3856.933457451886 7399485
433 0 3857.7173195466685 3865.1168054495224 14798971
431 0 3865.7378019730554 3873.1372878759094 7399485
426 0 3893.198072644369 3900.597558547223 7399485
410 0 3902.2700842891672 3909.669570192021 3699742
427 0 3911.275940887485 3918.675426790339 14798971
417 0 3920.337099231041 3927.736585133895 3699742
443 0 3929.5508449361237 3936.9503308389776 3699742
444 0 3937.0166983252534 3944.4161842281073 3699742
314 0 3985.836414059012 3993.235899961866 3699742
305 0 3993.483168934216 4000.88265483707 3699742
445 0 4024.165187417687 4031.564673320541 3699742
446 0 4031.727432582998 4039.126918485852 7399485
441 0 4054.688525314399 4062.088011217253 7399485
442 0 4062.2289446729364 4069.6284305757904 3699742
304 0 4080.1905879884766 4087.5900738913306 14798971
382 0 4133.0343279596145 4140.433813862469 3699742
396 0 4140.731045275788 4148.130531178643 3699742
389 0 4148.372368045813 4155.771853948668 3699742
403 0 4156.067111489305 4163.466597392159 7399485
428 0 4168.186148734202 4175.5856346370565 3699742
429 0 4175.965380395049 4183.364866297903 3699742
323 0 4190.0661249374925 4197.465610840347 14798971
296 0 4207.04383858001 4214.443324482864 14798971
324 0 4224.057643293808 4231.457129196662 14798971
1908 0 4236.121388282044 4243.520874184898 7399485
1910 0 4243.637996432179 4251.037482335033 14798971
1909 0 4251.143768110514 4258.543254013369 3699742
1914 0 4258.891646218285 4266.2911321211395 7399485
1911 0 4266.522944351973 4273.922430254827 3699742
1920 0 4274.263314068564 4281.662799971418 7399485
424 0 4284.284135946343 4291.683621849197 3699742
291 0 5595.133903384209 5602.533389287063 7399485
290 0 5602.544743053316 5609.94422895617 3699742
3079 0 5624.126005023718 5631.525490926572 14798971
2877 0 5643.646942138672 5651.046428041526 14798971
2859 0 5651.219033129219 5658.618519032073 14798971
2868 0 5658.814005751364 5666.213491654218 3699742
2850 0 5666.387100742736 5673.78658664559 14798971
3242 0 5674.151917480334 5681.551403383189 14798971
3259 0 5682.105474737831 5689.504960640686 3699742
3109 0 5690.143281033769 5697.542766936624 3699742
3240 0 5697.788035204631 5705.187521107486 7399485
3241 0 5705.368447811912 5712.7679337147665 3699742
3107 0 5712.866865704073 5720.266351606927 3699742
3108 0 5720.4501000664495 5727.849585969304 7399485
3239 0 5728.096326722629 5735.495812625483 7399485
3256 0 5736.039878624998 5743.439364527852 3699742
3106 0 5744.065974682011 5751.4654605848655 14798971
3392 0 5751.779267847088 5759.178753749942 3699742
3308 0 5759.656105037864 5767.0555909407185 14798971
2677 0 5767.46188610866 5774.8613720115145 3699742
2676 0 5774.875266377075 5782.274752279929 3699742
3008 0 5782.961510949952 5790.360996852806 3699742
2988 0 5790.482040604334 5797.881526507188 7399485
2998 0 5798.013303685917 5805.412789588771 7399485
2464 0 5805.820526867804 5813.220012770658 14798971
2978 0 5813.506126407306 5820.90561231016 14798971
2749 0 5821.054444409749 5828.453930312603 7399485
2748 0 5828.576860450395 5835.976346353249 14798971
287 1 5838.247055800731 5845.646541703585 3699742
286 1 5845.647568554814 5853.047054457668 14798971
293 1 5853.153899893553 5860.553385796407 3699742
292 1 5860.5536599323295 5867.953145835184 3699742
2442 0 5869.2565389677375 5876.656024870592 3699742
288 1 5878.183191386204 5885.582677289059 3699742
246 0 5885.624536558213 5893.024022461067 14798971
2647 0 5894.229164071253 5901.628649974107 3699742
3391 0 5901.754070847857 5909.153556750712 3699742
2638 0 5909.273382933544 5916.672868836398 3699742
2629 0 5916.771965148816 5924.17145105167 3699742
2620 0 5924.176659045795 5931.576144948649 7399485
3254 0 5931.697302443085 5939.09678834594 14798971
3253 0 5939.103404869813 5946.502890772667 3699742
3252 0 5946.6060580221765 5954.005543925031 7399485
3251 0 5954.011752045128 5961.411237947982 3699742
3418 0 5961.420407685234 5968.819893588088 7399485
3417 0 5968.916490381633 5976.315976284487 3699742
2441 0 5977.124937236616 5984.52442313947 7399485
2440 0 5984.5294210154425 5991.928906918297 14798971
2439 0 5992.012303243293 5999.411789146147 3699742
2438 0 5999.416478202144 6006.815964104999 14798971
3216 0 6006.914822650397 6014.314308553251 7399485
2969 0 6014.374971340264 6021.774457243118 7399485
2968 0 6021.778561389056 6029.178047291911 3699742
3215 0 6029.195970219317 6036.5954561221715 7399485
2967 0 6036.654300651373 6044.053786554227 3699742
2966 0 6044.057614329568 6051.457100232423 7399485
2831 0 6051.6851723581585 6059.084658261013 14798971
3125 0 6059.146244532355 6066.545730435209 3699742
3124 0 6066.554406140483 6073.953892043337 7399485
3123 0 6074.048057513964 6081.447543416818 7399485
3122 0 6081.455838427396 6088.85532433025 3699742
455 0 6155.502685010433 6162.902170913288 7399485
454 0 6163.225589542031 6170.625075444886 7399485
456 0 6218.109663873911 6225.509149776765 3699742
449 0 6230.172742965316 6237.57222886817 14798971
451 0 6265.575177431107 6272.974663333961 14798971
453 0 6274.167179372727 6281.566665275582 7399485
450 0 6282.697094624219 6290.0965805270735 3699742
452 0 6291.297095073624 6298.696580976479 14798971
1595 0 6493.486225157976 6500.8857110608305 14798971
103 0 8718.558631151915 8725.958117054768 14798971
1165 0 9151.658634632826 9159.05812053568 7399485
1167 0 9159.272602378607 9166.67208828146 3699742
1166 0 9166.835563946404 9174.235049849258 3699742
1168 0 9174.448140561888 9181.847626464742 7399485
1730 0 9265.775071918964 9273.174557821818 14798971
1390 0 9273.260074775733 9280.659560678587 14798971
1391 0 9280.938386164107 9288.33787206696 14798971
1392 0 9292.192983314253 9299.592469217107 14798971
1393 0 9299.977694667428 9307.377180570282 3699742
1400 0 9308.391888220964 9315.791374123817 3699742
1401 0 9316.194885766647 9323.5943716695 7399485
1394 0 9323.927701379045 9331.327187281899 3699742
1395 0 9331.709200761352 9339.108686664205 7399485
1396 0 9341.454902460246 9348.8543883631 7399485
1398 0 9349.292046049057 9356.69153195191 14798971
1397 0 9357.039491111766 9364.438977014619 3699742
1399 0 9364.874003469993 9372.273489372847 3699742
2244 0 9449.498856782913 9456.898342685767 14798971
2242 0 9463.969075977802 9471.368561880656 7399485
2243 0 9471.685397046418 9479.084882949272 14798971
3445 0 9660.104122817516 9667.50360872037 3699742
972 0 9709.02564468701 9716.425130589863 14798971
980 0 9716.565977256185 9723.965463159038 3699742
1066 0 9725.420740685679 9732.820226588532 14798971
1064 0 9733.357247928137 9740.756733830991 14798971
1067 0 9741.441683722293 9748.841169625146 14798971
1065 0 9749.380093914073 9756.779579816926 14798971
1052 0 9859.378033906221 9866.777519809075 3699742
1043 0 9866.898164479911 9874.297650382765 7399485
315 0 9931.783621614195 9939.183107517048 3699742
1582 0 9997.860309251797 10005.25979515465 3699742
1590 0 10005.301076860273 10012.700562763126 7399485
1566 0 10012.829437179951 10020.228923082805 14798971
1574 0 10020.269441851662 10027.668927754516 14798971
1356 0 10035.111972766555 10042.511458669409 14798971
1334 0 10042.73611900762 10050.135604910474 7399485
1367 0 10050.475871684595 10057.875357587449 7399485
1345 0 10058.101734074506 10065.50121997736 3699742
2937 0 11474.884368658066 11482.28385456092 7399485
3126 2 11516.597296615799 11523.996782518652 7399485
2739 0 11543.788765433203 11551.188251336056 3699742
2747 1 11572.11335200634 11579.512837909193 3699742
2746 1 11579.92952438059 11587.329010283443 14798971
2860 0 11600.763529993847 11608.1630158967 14798971
2878 0 11608.29119614853 11615.690682051383 14798971
3393 0 11616.335682303703 11623.735168206556 3699742
2851 0 11624.3258688455 11631.725354748354 14798971
2869 0 11631.852381651583 11639.251867554436 3699742
3009 0 11641.257326473185 11648.656812376039 3699742
2562 0 11662.332561867983 11669.732047770836 14798971
2999 0 11683.495432315387 11690.89491821824 7399485
2494 0 11714.60562539717 11722.005111300023 3699742
3421 0 11723.140738045748 11730.540223948601 3699742
3059 0 11745.666581707757 11753.06606761061 7399485
2443 0 11761.629265684978 11769.028751587832 3699742
2639 0 11769.659887626976 11777.05937352983 3699742
3384 0 11807.780922396685 11815.180408299539 7399485
3366 0 11815.696551474419 11823.096037377272 3699742
3168 0 11831.701322286082 11839.100808188936 7399485
3022 0 11841.600870114988 11849.000356017841 7399485
3148 0 11851.145646304385 11858.545132207239 14798971
2844 0 11864.536586206777 11871.936072109631 3699742
2835 0 11872.404382389126 11879.80386829198 7399485
3190 0 11889.649076604202 11897.048562507056 7399485
3199 0 11897.802650803924 11905.202136706777 14798971
2920 0 11911.254189639623 11918.653675542477 3699742
2911 0 11918.825316307173 11926.224802210027 3699742
2893 0 11926.808146851796 11934.20763275465 3699742
3314 1 11942.76712763881 11950.166613541664 7399485
3313 1 11950.318874738203 11957.718360641056 14798971
3041 0 11958.02782786445 11965.427313767303 3699742
3401 0 11972.060826819381 11979.460312722234 3699742
2687 0 11990.60490691988 11998.004392822733 14798971
2758 0 12007.907233207106 12015.30671910996 7399485
2757 0 12015.427038389915 12022.826524292768 3699742
2536 0 12035.515521594954 12042.915007497808 7399485
2789 0 12063.118574558845 12070.518060461698 7399485
2771 0 12070.967185571855 12078.366671474709 14798971
2780 0 12078.915189627583 12086.314675530437 7399485
2804 0 12107.183439721946 12114.5829256248 3699742
2667 0 12120.878872523803 12128.278358426656 14798971
2659 0 12128.425788061686 12135.82527396454 7399485
2549 1 12136.667346449787 12144.06683235264 7399485
3323 0 12152.695174012217 12160.09465991507 7399485
3339 0 12160.390428540082 12167.789914442936 7399485
1445 0 12215.17285316562 12222.572339068474 3699742
1473 0 12233.834956848297 12241.23444275115 7399485
1459 0 12241.525293125313 12248.924779028166 3699742
1466 0 12249.267877063065 12256.667362965918 3699742
1452 0 12256.960050523878 12264.359536426731 7399485
1413 0 12269.058202903107 12276.45768880596 14798971
1406 0 12268.841657853905 12276.241143756759 3699742
