1060 0 2935.112760812044 2942.512246714898 7399485
1061 0 2942.526676718117 2949.926162620971 7399485
1062 0 2949.996077691016 2957.39556359387 7399485
1063 0 2957.4095360699876 2964.8090219728415 14798971
1124 0 2973.8648901581764 2981.2643760610304 3699742
1114 0 3023.3786464631557 3030.7781323660097 3699742
1023 0 3031.6172119379044 3039.0166978407583 14798971
1131 0 3039.448836076925 3046.848321979779 7399485
1132 0 3046.861851690589 3054.261337593443 14798971
1038 0 3054.267786981787 3061.667272884641 3699742
1133 0 3061.7447402792377 3069.1442261820916 3699742
1134 0 3069.1572743558186 3076.5567602586725 14798971
1039 0 3076.562991285037 3083.9624771878907 14798971
1556 0 3089.833461053408 3097.232946956262 7399485
1115 0 3103.061679505926 3110.46116540878 7399485
990 0 3111.0091457420986 3118.4086316449525 3699742
1072 0 3118.782491589913 3126.181977492767 7399485
998 0 3126.542099923879 3133.941585826733 7399485
1006 0 3134.0349220154094 3141.4344079182633 3699742
1080 0 3141.79888373396 3149.198369636814 7399485
1014 0 3149.5496253757497 3156.9491112786036 7399485
1092 0 3157.48639544006 3164.8858813429138 14798971
1100 0 3164.9754030689965 3172.3748889718504 3699742
269 0 4755.816707789898 4763.216193692752 7399485
257 0 4763.65962432938 4771.059110232234 14798971
3133 2 4822.559765994549 4829.959251897403 14798971
3130 2 4830.2184568061575 4837.617942709012 3699742
3244 1 4874.653933495283 4882.0534193981375 7399485
2932 0 4927.409315475478 4934.808801378333 7399485
3272 0 4946.643132999697 4954.042618902551 3699742
3292 0 4954.356280888632 4961.755766791486 14798971
3262 0 4961.933544661007 4969.333030563861 14798971
3282 0 4969.644682889332 4977.044168792187 14798971
3249 1 4998.466679242611 5005.866165145465 3699742
2592 0 5035.794201135981 5043.193687038835 14798971
2612 0 5043.310588322952 5050.710074225806 14798971
2582 0 5050.761879708021 5058.161365610876 3699742
2602 0 5058.277214677968 5065.676700580822 7399485
3112 2 5076.025984789958 5083.425470692812 7399485
2928 1 5095.068870263895 5102.46835616675 14798971
2929 1 5103.1995903790985 5110.599076281953 14798971
2514 0 5112.711390721704 5120.110876624559 14798971
2971 0 5120.682129005952 5128.081614908807 7399485
2506 0 5128.485921274992 5135.885407177846 3699742
3438 0 5135.924046581071 5143.323532483925 7399485
3232 0 5157.810844819527 5165.2103307223815 3699742
3223 0 5165.302952884123 5172.702438786978 14798971
2704 0 5175.386019427857 5182.785505330711 3699742
2720 0 5182.957359161079 5190.356845063933 7399485
2696 0 5190.4591789121505 5197.858664815005 14798971
2712 0 5198.029169107989 5205.428655010844 3699742
3075 1 5208.620431443972 5216.019917346826 7399485
3076 1 5216.105551816447 5223.505037719301 7399485
1489 0 8261.544618278742 8268.944104181595 3699742
1497 0 8268.958936554363 8276.358422457217 3699742
1826 0 8369.972126692533 8377.371612595387 3699742
1835 0 8377.379843597111 8384.779329499965 14798971
1808 0 8384.868096048092 8392.267581950946 14798971
1817 0 8392.275459699988 8399.674945602841 14798971
1377 0 8415.859685271978 8423.259171174832 3699742
1384 0 8423.298024160353 8430.697510063206 14798971
509 1 9025.56208845973 9032.961574362584 3699742
505 1 9084.272462278605 9091.671948181458 3699742
506 1 9091.83453924437 9099.234025147223 14798971
1212 0 9108.975174297842 9116.374660200696 14798971
487 0 9134.795351633782 9142.194837536636 3699742
495 0 9142.352913143399 9149.752399046252 7399485
1225 0 9170.568752502708 9177.968238405561 14798971
1234 0 9178.080413781863 9185.479899684717 3699742
2247 0 9217.945052355528 9225.344538258381 7399485
2273 0 9242.961467772722 9250.360953675576 14798971
2255 0 9250.895400031322 9258.294885934176 7399485
2282 0 9259.003491245056 9266.402977147909 14798971
2264 0 9266.936550264534 9274.336036167388 14798971
1708 0 9307.272474765778 9314.671960668631 7399485
1718 0 9314.854739227614 9322.254225130468 14798971
1746 0 9412.083604544401 9419.483090447255 3699742
1735 0 9419.697163082159 9427.096648985013 3699742
1292 5 9434.30717133926 9441.706657242114 7399485
138 0 9445.965800530304 9453.365286433158 7399485
180 5 9455.380884030976 9462.78036993383 7399485
1648 0 9473.987499750496 9481.38698565335 7399485
1656 5 9489.740597030821 9497.140082933674 14798971
1657 5 9497.291448585915 9504.690934488768 14798971
647 0 9507.802951569458 9515.202437472311 14798971
1275 0 9521.796924653821 9529.196410556675 7399485
635 0 9535.621375851471 9543.020861754325 7399485
1265 0 9549.46164601618 9556.861131919033 14798971
930 0 9558.10792828809 9565.507414190943 3699742
941 0 9565.578981088314 9572.978466991168 3699742
908 0 9573.135726440712 9580.535212343566 14798971
783 0 9580.953284789179 9588.352770692032 14798971
863 6 9589.316225642733 9596.715711545587 14798971
795 0 9597.601995696905 9605.001481599758 14798971
887 0 9605.551748097558 9612.951234000411 3699742
845 0 9615.2576686608 9622.657154563654 3699742
808 0 9625.82301229924 9633.222498202094 7399485
1293 7 9634.193675948138 9641.593161850991 7399485
833 0 9645.715789887827 9653.11527579068 7399485
599 0 9657.679815809086 9665.07930171194 7399485
588 0 9665.118603066738 9672.518088969591 14798971
258 0 10759.088133275509 10766.487619178362 14798971
270 0 10766.526699421835 10773.926185324688 7399485
1902 0 14037.527320086956 14044.92680598981 7399485
1849 0 14072.302968919277 14079.70245482213 7399485
1758 0 14080.144353864633 14087.543839767486 3699742
1866 0 14087.69900529479 14095.098491197643 14798971
1883 0 14095.43109906037 14102.830584963223 14798971
1858 0 14103.356872883805 14110.756358786659 3699742
1767 0 14111.195293303806 14118.59477920666 3699742
1875 0 14118.748912546136 14126.14839844899 3699742
1892 0 14126.478701028553 14133.878186931406 3699742
1490 0 14139.004442268308 14146.403928171161 3699742
1498 0 14146.454766294812 14153.854252197665 3699742
1809 0 14156.314990199518 14163.714476102372 14798971
1827 0 14163.91585137683 14171.315337279684 3699742
1818 0 14171.449649337752 14178.849135240605 14798971
1836 0 14179.04906217293 14186.448548075783 14798971
