210 0 0.0 7.399485902854087
205 0 13.54139875203203 20.94088465488612
2428 0 38.66246932710267 46.06195522995676
199 0 63.94307813104457 71.34256403389865
2422 0 89.09133414658466 96.49082004943874
2416 0 96.97990335792403 104.37938926077811
227 0 136.76003242176196 144.15951832461604
219 0 161.5605726746788 168.9600585775329
2410 0 183.8094232193673 191.20890912222137
58 0 1683.5026401281357 1690.9021260309898
82 0 1691.092669399146 1698.4921553020001
70 0 1698.5930753473017 1705.9925612501559
94 0 1706.1816053445752 1713.5810912474294
10 0 1725.996713846922 1733.396199749776
32 0 1733.7945499166349 1741.194035819489
21 0 1741.4508930882469 1748.850378991101
43 0 1749.2467150409773 1756.6462009438314
119 0 1848.8446128070354 1856.2440987098896
130 0 1856.279580619327 1863.679066522181
104 0 1994.389596492052 2001.7890823949062
1610 0 2560.908018440008 2568.307504342862
1598 0 2568.9803188828755 2576.3798047857294
1616 0 2577.205155531462 2584.604641434316
1604 0 2585.27867024593 2592.6781561487837
2160 0 2686.765381783247 2694.164867686101
2200 0 2694.6918527643393 2702.091338667193
2194 0 2702.760183466281 2710.159669369135
2192 0 2713.1045187822933 2720.5040046851473
2193 0 2720.659613365418 2728.059099268272
2230 0 2731.274524589834 2738.674010492688
2218 0 2738.674010492688 2746.073496395542
2206 0 2747.1325821370847 2754.5320680399386
2157 0 2755.271205830168 2762.670691733022
2159 0 2763.749044426581 2771.148530329435
2155 0 2771.5854087659245 2778.9848946687785
2166 0 2779.533025505435 2786.932511408289
970 0 2812.1578647081983 2819.5573506110522
2236 0 2844.702872065247 2852.102357968101
2224 0 2852.102357968101 2859.501843870955
2212 0 2860.5571291480205 2867.9566150508745
2158 0 2868.6930505934456 2876.0925364962995
434 0 2889.531869213917 2896.931355116771
2156 0 2909.7313901360953 2917.1308760389493
2172 0 2917.677161245413 2925.076647148267
425 0 2950.7159688170586 2958.1154547199126
447 0 2959.48398339132 2966.883469294174
448 0 2966.9675522754555 2974.3670381783095
2186 0 2997.296769665105 3004.696255567959
2179 0 3005.3488715472413 3012.748357450095
340 0 3034.689815966035 3042.089301868889
326 0 3042.3790290513307 3049.7785149541846
347 0 3050.15571689961 3057.555202802464
333 0 3057.846881830707 3065.246367733561
369 0 3097.0775635803907 3104.4770494832446
355 0 3105.0271574068756 3112.4266433097296
376 0 3113.099161782342 3120.498647685196
362 0 3121.045774088633 3128.445259991487
411 0 3129.108656980945 3136.508142883799
418 0 3136.629071881242 3144.028557784096
397 0 3144.412945893056 3151.81243179591
383 0 3152.310278637017 3159.709764539871
404 0 3160.3253390221234 3167.7248249249774
390 0 3168.2196537337577 3175.6191396366116
316 0 3213.093726580691 3220.493212483545
307 0 3220.623878290928 3228.023364193782
1915 0 3279.451719799904 3286.851205702758
1921 0 3287.0468462447025 3294.4463321475564
297 0 3317.988173220513 3325.387659123367
3081 0 4680.872537016869 4688.272022919723
2879 0 4706.885642707348 4714.285128610202
2870 0 4714.2910093304945 4721.690495233349
2861 0 4721.795538868971 4729.195024771825
2852 0 4729.20048110413 4736.599967006984
3258 2 4737.106295959866 4744.50578186272
3257 2 4744.5944084451185 4751.993894347973
3394 0 4752.162456963825 4759.56194286668
2675 2 4770.465737968683 4777.865223871538
2674 2 4777.867259517346 4785.2667454202
3010 0 4796.6233796179295 4804.022865520784
3000 0 4804.023947456601 4811.423433359455
2990 0 4811.493587672643 4818.8930735754975
2980 0 4818.893922045348 4826.293407948202
2463 2 4826.442931187807 4833.842417090661
105 0 7711.784965723753 7719.184451626607
181 0 8633.39784014225 8640.797326045104
184 0 8662.793556183577 8670.19304208643
182 0 8670.593613006753 8677.993098909606
185 0 8678.508265329632 8685.907751232486
183 0 8686.310657475939 8693.710143378792
973 0 8711.055173844099 8718.454659746953
981 0 8718.54129426242 8725.940780165274
1026 0 8757.637500315905 8765.036986218758
1033 0 8765.07354708824 8772.473032991093
308 0 8828.398178350826 8835.79766425368
317 0 8835.931823006245 8843.331308909099
1053 0 8984.120324134827 8991.51981003768
1044 0 8992.413723170757 8999.81320907361
1357 0 9048.899465054274 9056.298950957127
1368 0 9056.378465649745 9063.777951552598
1335 0 9063.989665429475 9071.389151332329
1346 0 9071.467476461203 9078.866962364056
3082 0 10505.142138153315 10512.541624056168
2880 0 10514.248405128717 10521.64789103157
3395 0 10522.793446547785 10530.192932450638
2853 0 10531.225905951116 10538.62539185397
2871 0 10538.84575870562 10546.245244608474
2938 0 10594.918975918781 10602.318461821635
2991 0 10647.018793744119 10654.418279646972
2740 0 10690.692764601 10698.092250503854
2553 0 10713.154380220727 10720.55386612358
2444 0 10740.027902088803 10747.427387991656
2649 0 10748.72814764509 10756.127633547943
2640 0 10756.276251530462 10763.675737433316
3060 0 10776.345271945662 10783.744757848515
3051 0 10784.303010551097 10791.70249645395
2486 0 10805.896584997216 10813.296070900069
3431 0 10813.899841070337 10821.29932697319
3422 0 10821.740097352162 10829.139583255015
3358 0 10834.906155025004 10842.305640927858
2845 0 10844.2244640461 10851.623949948953
2836 0 10851.902086145925 10859.301572048778
3032 0 10863.418294889394 10870.817780792248
3139 0 10871.853570348894 10879.253056251748
3410 0 10912.880019641238 10920.279505544091
3402 0 10920.443065047613 10927.842550950467
2903 0 10947.780035518505 10955.179521421358
2912 0 10955.8309045648 10963.230390467654
2688 0 10966.974437564126 10974.37392346698
2680 0 10974.520957338096 10981.92044324095
2529 0 10985.428604754705 10992.828090657558
2668 0 11001.01907145655 11008.418557359404
3118 0 11034.575481111764 11041.974967014618
2790 0 11082.890550355043 11090.290036257897
3100 0 11092.329246332298 11099.728732235151
3092 0 11100.04165907168 11107.441144974533
3332 0 11139.854368973263 11147.253854876117
3316 0 11147.791802667756 11155.19128857061
1446 0 11159.070021155896 11166.46950705875
1438 0 11166.563032377384 11173.962518280237
1474 0 11175.67403792555 11183.073523828403
1467 0 11183.094850135049 11190.494336037902
1460 0 11190.658597615482 11198.058083518335
1453 0 11198.078641022697 11205.47812692555
